21000000 9940093.3890167308611227121819158005847
21000001 9940093.8302976918346578508391061620410
21000002 9940094.1990735020342061129161969577526
21000003 9940094.5897594172302836126790769117387
21000004 9940095.0539152221144407668188628920092
21000005 9940095.3901705420631365926820478908549
21000006 9940095.7072998705451906087735566804043
21000007 9940096.1343063189972531470339533499936
21000008 9940096.7000852781908036658978858654807
21000009 9940096.9231928628607613261482686950024
21000010 9940097.2179425688284701941040372622474
21000011 9940097.9637820001955515920410974011577
21000012 9940098.4913261363347968356945920971822
21000013 9940098.9002830854341127993181038015533
21000014 9940099.1658294041147774900900687285318
21000015 9940099.6266139356857812276550100418754
21000016 9940100.2358937483375542319463389492439
21000017 9940100.9348927651000877708570559814414
21000018 9940101.1837012555489507611149614626917
21000019 9940101.4090323654746581338124747058167
21000020 9940102.0310402638251248509819100691102
21000021 9940102.4844716236872722915796750407752
21000022 9940102.8703389497249187861604494591779
21000023 9940103.2775461920483328551154651801633
21000024 9940103.8790062149650725291975120955132
21000025 9940104.0321906937502330479391581372796
21000026 9940104.6685128447709194165381625930497
21000027 9940104.9570491047508324051120827253941
21000028 9940105.4972793007316864532144553372242
21000029 9940106.0438552164888025513511123532631
21000030 9940106.4901972732525592858601837419219
21000031 9940106.6553079408868942574550225964689
21000032 9940107.1848465468942154431647600785654
21000033 9940107.6760103153785239234491973369194
21000034 9940107.9276672377420946653699760924418
21000035 9940108.3033256074127111746011320931842
21000036 9940108.5502276819389523523570876602459
21000037 9940109.4810694680974694416992312614632
21000038 9940110.1669636757797634483670322596111
21000039 9940110.6487708577177381364235232809197
21000040 9940110.7802487790659010747224647490654
21000041 9940111.3840321762233006156075122104824
21000042 9940111.8002213077525030724083318571342
21000043 9940112.1065146428937460546102998714215
21000044 9940112.6243900775897524328275803699881
21000045 9940112.7247813287563678163711109244929
21000046 9940113.5271307073967739957953319703132
21000047 9940113.9467294826110437845413095548647
21000048 9940114.3029549708171530371366192694919
21000049 9940114.5067643839145529495725181341168
21000050 9940115.1248953859966996464608030969844
21000051 9940115.3092520522748869914978878789835
21000052 9940116.0740696915837164329384825227766
21000053 9940116.4343997217004868542648133553802
21000054 9940116.9439363930780169977873184716733
21000055 9940117.2718367843718890174272713194740
21000056 9940117.8406197707551580134449810292683
21000057 9940118.3159349661117821045022765831917
21000058 9940118.5605064396101217197516390752675
21000059 9940119.1781438990993275022251238107689
21000060 9940119.6805872514351465991494846145125
21000061 9940120.0867339657704999152726324931587
21000062 9940120.3488189119171949427160640625099
21000063 9940120.9466751174435295889016035619218
21000064 9940121.3111718066094521433791398822324
21000065 9940121.7575372514838112184778074914795
21000066 9940122.7001847377944757604048594676494
21000067 9940122.7910492508183274458046220584331
21000068 9940123.1335929141631385953125795022027
21000069 9940123.3538459062863907470310485966106
21000070 9940123.7767056482689548673849749771269
21000071 9940124.3931445781504756696535475728737
21000072 9940124.7449356767338399473524731490844
21000073 9940125.2390079233885583586693659630221
21000074 9940125.4948915684398213834924014883888
21000075 9940125.9694223112502770212439312242016
21000076 9940126.5837669567022788566975305376985
21000077 9940126.9411544206634714793890761913295
21000078 9940127.6043989965284187125118810333179
21000079 9940127.8856422178809961462226601455034
21000080 9940128.5612286244627403327154824586399
21000081 9940128.8250173819373787430425514428152
21000082 9940129.5117878939165333782723996618476
21000083 9940130.0073240670858783205984690236103
21000084 9940130.3344832163495061366022395984640
21000085 9940130.4764043122801443872097129037975
21000086 9940130.9189420966894053759346611467653
21000087 9940131.1776715561671967431542726524887
21000088 9940131.8806122845134995722510749843384
21000089 9940132.1886356745360337001823723984446
21000090 9940132.8107029006861853403566002803718
21000091 9940133.4278911622135098613541250616740
21000092 9940133.5696718077739335535971689060196
21000093 9940134.0992906611563024539971509683403
21000094 9940134.4819124437750421864290109561538
21000095 9940134.8995716194971520401291347967645
21000096 9940135.2502359243145900827179345961864
21000097 9940135.8142814966896778977763088141483
21000098 9940136.2148080956649880665002397443377
21000099 9940136.4865709125535132152002870288388
21000100 9940137.4072984283971677593944317098942
21000101 9940137.6240932284411611095976433098429
21000102 9940138.1245965771506741105665889799512
21000103 9940138.5452225653580741503606420335378
21000104 9940139.1704084250647165010420210876145
21000105 9940139.3978350809286986657522708182125
21000106 9940139.9471764936746604843755507708418
21000107 9940140.3616222169793922544678445540517
21000108 9940140.7390165027197298184849848138096
21000109 9940141.0850484228739220468510086556618
21000110 9940141.5183543377224713539314408794405
21000111 9940142.0648724780357725825358912556256
21000112 9940142.4049583014897230033338615484599
21000113 9940142.9221090853836614073843896123190
21000114 9940143.0358101930675139760551169365317
21000115 9940143.4420729625707129733939498673451
21000116 9940144.1318956111228425632878282188572
21000117 9940144.4102660588323808108032479119774
21000118 9940145.3456933973962201627567921500722
21000119 9940145.6713915439801568738087213411348
21000120 9940146.1146021382172837886161588365111
21000121 9940146.5740154253625221201353709899549
21000122 9940146.8976575088165582128721479599592
21000123 9940147.3004298205432860089613363557803
21000124 9940147.7189880468980953894500077659590
21000125 9940148.0456582835421158767978941112579
21000126 9940148.8839298561662636060243067872599
21000127 9940149.0965469621110641008153245565785
21000128 9940149.3714817801461852227988196855657
21000129 9940150.0090954873867625994435185476040
21000130 9940150.5251825193278887348474823168474
21000131 9940150.7061536985589357154823170066496
21000132 9940151.1587213252028589251584662842843
21000133 9940151.6812386703307953902333190359020
21000134 9940152.2779561298200965976826821026032
21000135 9940152.5213057285892073336191774518619
21000136 9940152.9095349685585882913060518205391
21000137 9940153.1983131524200810085328490063203
21000138 9940153.9332030199459765087626100521988
21000139 9940154.2089989926507877800150320094552
21000140 9940154.5197136184547405373921769627159
21000141 9940155.2966386704470622996917386957022
21000142 9940155.5905277164762477735376919003310
21000143 9940156.6530213044980595903660658495606
21000144 9940156.7317978897492485890808021825069
21000145 9940156.9263913157608581211453941147699
21000146 9940157.4986797703470827549984803851173
21000147 9940158.0123230023891270826622998785955
21000148 9940158.3178218172648392877071688109188
21000149 9940158.8858444443865142285022275476146
21000150 9940159.1618053312632463767596437561851
21000151 9940159.3943895436630209282127575505315
21000152 9940159.9424398004927447141558131202258
21000153 9940160.2145327193238852281572273171631
21000154 9940161.0529198241026357016561768849150
21000155 9940161.2321959534866789228041798709857
21000156 9940161.9691380722975071093789729310199
21000157 9940162.2025176392455044737339465271735
21000158 9940162.7225844109307633305573134180397
21000159 9940162.9070710432582935549256322364258
21000160 9940163.3972573441021554939281180162611
21000161 9940164.2006353958520402546489201829203
21000162 9940164.6272465660701758964253223803693
21000163 9940165.1122190648235936074410802385256
21000164 9940165.4163932136176767975693936473311
21000165 9940165.6827956986094754045106802463001
21000166 9940166.2614664790539756148064059141668
21000167 9940166.5522320190678071616556644251212
21000168 9940167.2219715126994917767741777448521
21000169 9940167.5298474949489009113613486394548
21000170 9940168.0123618921795853302484613909798
21000171 9940168.6071261015364794839908716656308
21000172 9940169.1101605926397976736683465113977
21000173 9940169.3237120027298492426381304533645
21000174 9940169.6140488944939454211173548278019
21000175 9940170.2176074697289772646002200898418
21000176 9940170.3224117581736808734217409732260
21000177 9940170.6599816852342892209459657045430
21000178 9940171.4733499153477857021824173530016
21000179 9940171.9008316039302995293966245587838
21000180 9940172.3110104731818891206408087574165
21000181 9940172.6588041141919244666348626729879
21000182 9940173.4168073915458686198139840252408
21000183 9940174.0156969315482557654902263302741
21000184 9940174.3308273033234346440192091091616
21000185 9940174.7771623703958986142502739647279
21000186 9940174.9489752315443572986998395333030
21000187 9940175.5390564089449390325083977335136
21000188 9940176.0726457846437851009753911825936
21000189 9940176.2492333817474928916470169396003
21000190 9940176.8384955563639780490092158328848
21000191 9940177.1879698687890261384858753788433
21000192 9940177.6163213975355403487686012298022
21000193 9940177.9277709390066100460814317672811
21000194 9940178.6974825961197886364830655491136
21000195 9940178.7919711090289944356069843105223
21000196 9940179.2894749886755692159136319250909
21000197 9940179.9547371016197337112210932764810
21000198 9940180.2258770331742055468419047609029
21000199 9940180.9080520047970074588140481561272
21000200 9940181.1686815459946255333114397097376
21000201 9940181.3344925104914446556896342580013
21000202 9940182.2497873388597150724114226188284
21000203 9940182.4557798917912176687759766518688
21000204 9940182.8826174581622611208509977919330
21000205 9940183.2173728549475912132013871041101
21000206 9940183.9715687329913252202630599840069
21000207 9940184.6532099230177061251905547553111
21000208 9940184.8493306126875791571163693405260
21000209 9940185.2855775519248596397183914358858
21000210 9940185.6245258046803843769285306160566
21000211 9940185.9823309387314105203571311302719
21000212 9940186.5250698625859335118035972673929
21000213 9940186.7542411204801102963675841861679
21000214 9940187.3810447306528818913849101283193
21000215 9940187.7795488267480236517913712945326
21000216 9940188.1046329520265727423523694946671
21000217 9940188.7549170385997851450495603514460
21000218 9940188.9190448509500980991314784148852
21000219 9940189.2242528764267384297684079314058
21000220 9940189.7053421886105070129157984535539
21000221 9940190.5957233987936924297384965088738
21000222 9940190.8035367136695344335390045643903
21000223 9940191.6554393340749174796137233051093
21000224 9940191.8307302848864347231011924750460
21000225 9940192.2842185468691891087460106663113
21000226 9940192.7999511468478436456681980510560
21000227 9940193.2091844079588578058758525735573
21000228 9940193.4698012634878048416652037697211
21000229 9940193.9639652727145672902319480326382
21000230 9940194.4462550138467092643642582430294
21000231 9940194.6729948630792800617437745078884
21000232 9940195.0318295818641794068423147801521
21000233 9940196.0070467016995845789039714321083
21000234 9940196.2449198641232647758944033528000
21000235 9940196.5474816083414399963278272440340
21000236 9940196.9260122409045989981577857296143
21000237 9940197.6345509639599054660284361226791
21000238 9940197.9299145010946881479174658011459
21000239 9940198.1390013719393273821913405373382
21000240 9940198.5739153278343745464359902170160
21000241 9940199.1754255875236763461964145642871
21000242 9940199.4034640475577474782802737014244
21000243 9940200.0977858990648420460968317220160
21000244 9940200.7517791497286416126189529278354
21000245 9940201.2194218892941945296735715475029
21000246 9940201.4803099600098564336169961299755
21000247 9940201.8339556851255533856266031238154
21000248 9940202.2901587359105248018222580950282
21000249 9940203.0280408398622932553068549260419
21000250 9940203.3542735200944091282061336935271
21000251 9940203.8316380996196996199113123488841
21000252 9940204.1152197582525369070509407286193
21000253 9940204.5687332805101043211919032414827
21000254 9940204.9544069688279629484340919468729
21000255 9940205.0655402128862376900719447140802
21000256 9940205.8482668598289121927755487336514
21000257 9940205.9737470691261411005289352970198
21000258 9940206.6034640176796977996299785673508
21000259 9940207.0424118713060776819648974215040
21000260 9940207.6324299124486308594254562739834
21000261 9940208.0888398668905740519903730082957
21000262 9940208.5032299450780346605430128792856
21000263 9940208.9509190238129412178853092018005
21000264 9940209.3344814088379004965601206063820
21000265 9940209.7912741225064994581607533141377
21000266 9940210.3624472501950373593513414922566
21000267 9940210.9331049089173956693032157386697
21000268 9940211.0431918071909697370354274050381
21000269 9940211.6351686718210972194724409400402
21000270 9940211.9643050702955356434917277602914
21000271 9940212.4213532884604508770239429153734
21000272 9940212.8893888478003265685027030059731
21000273 9940213.4075957901442489668302634894340
21000274 9940213.8867894104126322333269892078090
21000275 9940214.3433751116355143657132400304655
21000276 9940214.5720718502061369910167015797050
21000277 9940214.8816158809734986903878151490691
21000278 9940215.4553440704384975505988235270465
21000279 9940216.0383911201976111669702517672266
21000280 9940216.4375833323324585988126397939630
21000281 9940216.7095449796719445426458979013738
21000282 9940216.9997561961270415493994174407614
21000283 9940217.3922840067950687431072841107431
21000284 9940218.0792921334088122694334598010982
21000285 9940218.7038477810408825031500014539112
21000286 9940219.2231436680910109995009025994034
21000287 9940219.8129701946199394803661339536473
21000288 9940220.1455557560652760848595528182098
21000289 9940220.5534227473636664383105575974031
21000290 9940220.9099553937268522760279757959968
21000291 9940221.2415473253394241296865623898566
21000292 9940221.5562636918365104165176553866814
21000293 9940221.9574168924087627986506655415611
21000294 9940222.6496677749281514129576262838045
21000295 9940223.0763626569643229007864501478895
21000296 9940223.2944669306329911810065384586865
21000297 9940223.8010581230688650838984760206963
21000298 9940224.3880164107025386979963787013472
21000299 9940224.6103914453119337938615309372056
21000300 9940225.2096829576546969029152233080900
21000301 9940225.5845330914742871107379509149727
21000302 9940225.8645473199737326839798089468711
21000303 9940226.5122946332120520247101515550900
21000304 9940227.1231996899589575736545211268610
21000305 9940227.5412319183437879245245340537622
21000306 9940227.9217840012742183100008038009571
21000307 9940228.0630417511253889146371089052791
21000308 9940228.7799520823103584843350090804163
21000309 9940229.3084522622605960505057970860518
21000310 9940229.5098566287098200951454804645731
21000311 9940230.1643167185471400999052225598409
21000312 9940230.6046601285203933945223871288758
21000313 9940231.1781878170452055717055602853053
21000314 9940231.3530874637056259016959744334698
21000315 9940231.8107297588813840289425633656260
21000316 9940232.3658540043123799432755105702740
21000317 9940232.6974332631756134820508678638205
21000318 9940233.1388761165252144256931618871811
21000319 9940233.3976939463689935071780325993959
21000320 9940233.6479705816181660481297308132921
21000321 9940234.3824753686335851601683995632559
21000322 9940234.6945972956291098822589975384277
21000323 9940235.1449558517919399394175655449208
21000324 9940235.8784067534728267894108345662982
21000325 9940236.2897568119271287813227737443516
21000326 9940236.6914339542525989965206220541850
21000327 9940237.1836496138079361918540929450816
21000328 9940237.7215873119276054988328391744657
21000329 9940238.0937504254666983444439642073649
21000330 9940238.4919205118038802449742298518055
21000331 9940238.9093899901338071909704994054079
21000332 9940239.3476234998920973569747148375791
21000333 9940239.7736176727847695498403311453153
21000334 9940240.3916140659681794550858274077692
21000335 9940240.5135054904352486031215259820621
21000336 9940240.7813672651262162049536489118408
21000337 9940241.1441372676225896849000883910134
21000338 9940242.0780983087137335429843659548211
21000339 9940242.5565895540475534459789819959881
21000340 9940242.9554816406975442961111563095357
21000341 9940243.2684925518636395819918284837651
21000342 9940243.5667675819663845409375370480223
21000343 9940243.8905376662009571173057511600957
21000344 9940244.4397124849964855371283933506914
21000345 9940244.9053761586637166295908014648622
21000346 9940245.4129933587199343132159939193175
21000347 9940245.8413479593585536686278596016598
21000348 9940246.5035680482774525501746505744472
21000349 9940246.8186678349236321822913868576897
21000350 9940247.3593832592792900427576350273275
21000351 9940247.7864330766516989377464511306264
21000352 9940248.3314108925259277505592722241779
21000353 9940248.5733983777381640080600990989727
21000354 9940249.0800848327143404984237182708788
21000355 9940249.3030718148402345303887853530169
21000356 9940249.9423592093161289753030492037872
21000357 9940250.3477931149578021682829313757419
21000358 9940250.7103464176496239715880997790336
21000359 9940251.0253952433250204286618964948661
21000360 9940251.4594691725032244935845720723694
21000361 9940251.9589675673875058092192575862914
21000362 9940252.2945926052892540045821984451844
21000363 9940252.8652225927514821188272237806683
21000364 9940253.3231345313369240243892170711976
21000365 9940253.6741842568038327963681245133716
21000366 9940254.2675475889558082116545487632248
21000367 9940255.0398567281014318425918835968970
21000368 9940255.2888586033398969030214295764936
21000369 9940255.7294627636540855645515615900550
21000370 9940256.1039781212286841303290606459485
21000371 9940256.4164028917948893359907192006730
21000372 9940256.9444862631931317978991094132013
21000373 9940257.1085625917300022618257499407945
21000374 9940257.6946745900835474411616958338223
21000375 9940258.4102721123906239710382487213593
21000376 9940258.7908048049277973596721902742548
21000377 9940259.1970173543609903812250198434190
21000378 9940259.5904226292177435781043762752506
21000379 9940259.9019231423813887635483094650680
21000380 9940260.4313004624921050753872926794697
21000381 9940260.7442807866975382897311298249984
21000382 9940261.0934831138814882535567046061484
21000383 9940261.8464057794310678435598092813334
21000384 9940261.9631925087356516161070995914119
21000385 9940262.6387490837069175066881663312382
21000386 9940262.8990488711034665562861474994028
21000387 9940263.3583332871756765885503532150845
21000388 9940263.8187117476116248892154270498160
21000389 9940264.6273912636453702758117992587955
21000390 9940264.9137173834544478644826273886040
21000391 9940265.4506431799396534762371427096421
21000392 9940265.9479528462524556327468806436633
21000393 9940266.2382800906732688871782312422095
21000394 9940266.7077400743809851388989817699117
21000395 9940267.1710771477756494403071945947223
21000396 9940267.3742890200087835302250847288635
21000397 9940267.8820427054792550194440805792298
21000398 9940268.1217707236487416967823259419511
21000399 9940268.7313440943093567155248892395642
21000400 9940269.1516745476177385523114793633941
21000401 9940269.6010138804842797839787842541676
21000402 9940269.8961370119389226715333334166591
21000403 9940270.5830158718199069259445093620891
21000404 9940270.9537513748007970746056438268651
21000405 9940271.4543582662668009724036382524927
21000406 9940271.9087456514088431278404234668857
21000407 9940272.3306950041165428479420299927806
21000408 9940272.6194095310518670851130259321028
21000409 9940273.0531816952479409409158966109687
21000410 9940273.7603895030582645066048136003187
21000411 9940274.3539868711300117673523153259711
21000412 9940274.6139103881276945487146085123584
21000413 9940274.9196501013379143660949158787504
21000414 9940275.2921898950297914634805870120545
21000415 9940275.8613262704601187716468932811372
21000416 9940276.3794863445433456791794825942794
21000417 9940276.7573228098394844272634239327132
21000418 9940277.0901819127104399598045170648487
21000419 9940277.7329141703122923485964394247361
21000420 9940278.1687206493571094040463664098043
21000421 9940278.4183734602982563961048707148785
21000422 9940278.8921237860350716205209934537712
21000423 9940279.1709893336098152372236504273860
21000424 9940279.6136598884069665857376749684611
21000425 9940280.0652005008251928123024217081743
21000426 9940280.2866119019503994007669435544870
21000427 9940280.9034841630489881310855111828534
21000428 9940281.7412810351272234681348148040539
21000429 9940282.2676795632310177615120101331165
21000430 9940282.7106341190177392876484245502216
21000431 9940282.9550783890513113856637065960201
21000432 9940283.3041974520523226383329122175803
21000433 9940283.6813043560570424330936968966526
21000434 9940284.5191076027544015309087435005656
21000435 9940284.7031428668836126734484981591130
21000436 9940285.0134357932998624075354498387055
21000437 9940285.5586065207031795176146148623885
21000438 9940285.7524469618354888839367351426902
21000439 9940286.2410468871935956081839072227816
21000440 9940286.9545830260785400297919390275119
21000441 9940287.2718530455462550510896808314077
21000442 9940287.6453032673810592195293564848003
21000443 9940288.0693368418565012511121108342012
21000444 9940288.4530291859410669256344275498566
21000445 9940289.1540100097778691222489210936555
21000446 9940289.4269361317380323546443085581069
21000447 9940289.8315790642756308033985224258450
21000448 9940290.1406978211768996681800052551892
21000449 9940291.0080739828461813346951562807703
21000450 9940291.2996094297968690992859964710146
21000451 9940291.5350115502397942886546852363245
21000452 9940292.0350906402922991770303351121600
21000453 9940292.6694663035119511174886209677116
21000454 9940292.9871483109170963850758651971102
21000455 9940293.6667798127330152729505773181909
21000456 9940294.1870573737176893133219830245997
21000457 9940294.4041755276347211317289419038825
21000458 9940294.8458614208614084970796290702418
21000459 9940295.1891029224187734342286704676398
21000460 9940295.5937975031326716970786757895459
21000461 9940295.9018938359204971272000992938972
21000462 9940296.3029563331571949029559723183178
21000463 9940297.0077511742143575721963076367389
21000464 9940297.1624658435988317345356066480811
21000465 9940297.9411317080103828382336011060883
21000466 9940298.0848721148378545513682956124023
21000467 9940298.5593480345682918492091870985282
21000468 9940299.0831999090732907501345110591371
21000469 9940299.4505109977754453446687409648564
21000470 9940300.2253101902255160005728625312704
21000471 9940300.8389941790158592334563244776388
21000472 9940300.9788924599760829237045853858481
21000473 9940301.4492934297618578168203215195744
21000474 9940301.9323392072033741735639284687425
21000475 9940302.3291166059639217720015608515146
21000476 9940302.6223268452914132024282790405688
21000477 9940302.9624386375522388667302022295294
21000478 9940303.4885682900949219067472616212765
21000479 9940304.0160788827523538058092293843407
21000480 9940304.5868178548763721023010865418797
21000481 9940304.7058886647571604420019300223942
21000482 9940305.4401666224934970414383616878162
21000483 9940305.8935683038610590090836378767505
21000484 9940306.1713140140824542807284677106155
21000485 9940306.5485824532613456243458168961614
21000486 9940307.0057233839017388624300234108745
21000487 9940307.3270737919132511559142940486411
21000488 9940307.9148350432766024969115991057208
21000489 9940308.0473182406828497609522601631829
21000490 9940308.8973845101211211393813603790635
21000491 9940309.3199825279261988646541259449101
21000492 9940309.6951338707417644352727968476998
21000493 9940310.3397436102147939313896566966637
21000494 9940310.9512688495520306992000531375098
21000495 9940311.2805461880173141086694753515174
21000496 9940311.5168892358407065992456285795960
21000497 9940311.6985142288462141462579709198210
21000498 9940312.4915634110237677675042518235359
21000499 9940312.8079882579585489488050444220512
21000500 9940313.4439189725597744010406816719676
21000501 9940313.7645169505851084530007067223541
21000502 9940313.9747952733107314782007797501485
21000503 9940314.5191557809405176140453802293273
21000504 9940314.7068876871523349666912055372619
21000505 9940315.1568714289550559885011702620265
21000506 9940315.6660974101661209546620256105513
21000507 9940316.5537354526527285958133986783558
21000508 9940316.7969990233342639995731153995083
21000509 9940317.1859337183935284815725336776539
21000510 9940317.5225388132669573311001797109124
21000511 9940318.3611051171234258287648459257584
21000512 9940318.5541901532541304213430088431133
21000513 9940318.9447860837578850077574539037606
21000514 9940319.5534573703755015187816310686189
21000515 9940319.6040427573628888311799642583003
21000516 9940320.4145192514767040483424542924939
21000517 9940320.8545474636804763228575766965006
21000518 9940321.2338552880038051324179428642778
21000519 9940321.7265185861142792205575337117970
21000520 9940321.8687424743542855568031243841436
21000521 9940322.5975038623923937402196063497585
21000522 9940323.1397621961527436308099541917676
21000523 9940323.2278956658380020613637216761663
21000524 9940323.6933157247029951882427227576794
21000525 9940324.3755947905020022680478443368137
21000526 9940324.6368607498329626535965590444757
21000527 9940324.8897281425255048668569572208572
21000528 9940325.3212474956666976870348625174719
21000529 9940325.9060010087825265085519263188527
21000530 9940326.3935386155362539514447102544079
21000531 9940326.7325021565333181765538385090283
21000532 9940327.3709583231046262504506927255229
21000533 9940327.8552892583892185870981635701446
21000534 9940328.4267103176737676997593861356195
21000535 9940328.8507176188779213313506574481945
21000536 9940329.4458888049038993570422135383283
21000537 9940329.6379776063299410744196176905318
21000538 9940329.9582408032551855887425909800051
21000539 9940330.3927406826635166289924982383328
21000540 9940330.7664342667093256830941065386326
21000541 9940331.1723268646609868723678916886298
21000542 9940331.6620211969630496770176340808797
21000543 9940332.0313943008469244767534652640729
21000544 9940332.5159435830328130065715766738438
21000545 9940333.1478140487428464173917334314889
21000546 9940333.6036415154318287723576986377198
21000547 9940334.0049710613998983527343082805389
21000548 9940334.1459100629415256615934493283396
21000549 9940334.6020073627442467490383402226787
21000550 9940335.1913095427783789201687691493132
21000551 9940335.5855445627810215677532804821429
21000552 9940336.2409829160603542625447622473504
21000553 9940336.8558780164639879210159882218143
21000554 9940337.0259916195516241097883386448018
21000555 9940337.3024638757658033252825678680873
21000556 9940338.0603963544441087587848152832620
21000557 9940338.2833612243026385712284760731330
21000558 9940338.6761891223946952592016022552623
21000559 9940339.3966621467687618496938008297790
21000560 9940339.7922679599231003405477999687192
21000561 9940340.3603967311962649482358725980756
21000562 9940340.6147516188729187065857540904962
21000563 9940340.9484886906682049124497801316921
21000564 9940341.3186558613144478336953417678241
21000565 9940341.6280175665433581208969796273450
21000566 9940342.3523728518390443282646529229342
21000567 9940342.6555338950940020946747128133812
21000568 9940342.9689483140513006674402758727939
21000569 9940343.4116869460960018163832076424289
21000570 9940343.6708569569492881846604545805296
21000571 9940344.6246040926510172219598309055683
21000572 9940345.0437153688091248896704788728200
21000573 9940345.4894996323818274594685660841826
21000574 9940346.0394206443089764096633244797038
21000575 9940346.3479261587292912311096442252911
21000576 9940346.7644654700333423443164812572967
21000577 9940347.2451649581795435814192739993715
21000578 9940347.4919653913885449152646786801598
21000579 9940348.1394572318177418827454172177891
21000580 9940348.5421978454081310965212256149339
21000581 9940348.8576974164146953987271965278304
21000582 9940349.2757018799384578729575406446556
21000583 9940349.7436837444489735918817943649182
21000584 9940350.1705632183854538399071457428001
21000585 9940350.5522170518757089779557882692671
21000586 9940351.1969743666625545191386600208937
21000587 9940351.5395883054545101644447878700185
21000588 9940351.7264885509134930779740514751400
21000589 9940352.6927685262689278458368730704979
21000590 9940352.9127775991803611398795047251300
21000591 9940353.1695614228950990465211954310811
21000592 9940353.4709695123209116412376389491061
21000593 9940353.9662631713220474910950359028725
21000594 9940354.4257128460620032216856138442650
21000595 9940355.2775079269404093544016726937194
21000596 9940355.6686684166283384998446547801900
21000597 9940356.1296287861920389801704037127620
21000598 9940356.5512565142064128012456401808580
21000599 9940356.9061603340609702418646061836308
21000600 9940357.2919792537927764652835130848589
21000601 9940357.8391996033533253214241468371895
21000602 9940358.2400408938382716051864114783728
21000603 9940358.5630171099267412065457147924999
21000604 9940358.8309506387675912849142416150721
21000605 9940359.4093352346962518845853151507596
21000606 9940360.0437779853628645954074262301575
21000607 9940360.1633466736092665197292219601700
21000608 9940360.5451668862942109532103023655363
21000609 9940361.1163387987999336398966534679502
21000610 9940361.5955882152472524042456260257962
21000611 9940361.8385765916708837186244903064476
21000612 9940362.8152801149301852916547027638539
21000613 9940362.8551832218469247991436476917332
21000614 9940363.5023596800319790950668189979319
21000615 9940364.0367701757118419510593883495801
21000616 9940364.3609520947401656076695487419989
21000617 9940364.9505805315846357801882910464396
21000618 9940365.2367602914426335085504820224253
21000619 9940365.6658548013905759924931663487369
21000620 9940365.9712990377632971324792210701609
21000621 9940366.5409536908612097202812842373526
21000622 9940366.6406027453852335719543979734150
21000623 9940367.5542878723903509170179222190207
21000624 9940367.9291387557151174060213896007861
21000625 9940368.4420463425484722038167154484494
21000626 9940368.8535248519152480446495615023685
21000627 9940369.0940229533396129735910697067727
21000628 9940369.4477198555021619641205598509028
21000629 9940369.9108471348459575880650683757886
21000630 9940370.1744153181148456046388910060627
21000631 9940370.8611614411942216620849603674102
21000632 9940371.1207121686832084249547275029686
21000633 9940371.8570004208214967914052668507395
21000634 9940372.1232376495313593437337679254857
21000635 9940372.6308482468084533138816813968157
21000636 9940373.3284928270929903189359563110129
21000637 9940373.6080382158627714904962525960367
21000638 9940374.0133351687897216364932511051139
21000639 9940374.6234089453992888883561345563562
21000640 9940375.2061515937708760087263331544688
21000641 9940375.3370771570729113969427581335023
21000642 9940375.7604171041303488823385244790489
21000643 9940376.2586145752593774112770007554527
21000644 9940376.5993898961260046723549274207983
21000645 9940377.0236738194992719254564672326268
21000646 9940377.2801593615003312774462236119192
21000647 9940377.7250438749226260528731880027284
21000648 9940378.3116625399060072798333077709257
21000649 9940378.8683751900488143270904842704793
21000650 9940379.2405899700288622022128652805700
21000651 9940379.7556772663018055779603353982156
21000652 9940380.0171496605515402446677186134429
21000653 9940380.6069767888584635889953464418342
21000654 9940381.0960097692308171120842375845119
21000655 9940381.2843723474963886269851945309494
21000656 9940382.0628059327720998112297277797737
21000657 9940382.4599931385936039953322799874273
21000658 9940382.8516501212027568006370804554217
21000659 9940383.0948640523536405730515674768242
21000660 9940383.6115370226928173652508013974953
21000661 9940384.4254350357086702627775692786336
21000662 9940384.7096277276998101070750393121017
21000663 9940385.0533498659530646518597587532428
21000664 9940385.4096700245795142709565021726784
21000665 9940385.8246900321964084754977850122780
21000666 9940386.1936202121155035590107272021520
21000667 9940386.9183883172503496048561434258359
21000668 9940387.2170479613198494415979456620318
21000669 9940387.7079119895421786639726565885251
21000670 9940387.9329738101666389049997977939367
21000671 9940388.2110565205281488057092911923978
21000672 9940388.8222562725207307150454345593165
21000673 9940389.2465762148198244874718812105439
21000674 9940389.5918178254201216307032800198664
21000675 9940390.0589061991818505968203588606364
21000676 9940391.1201823615468104355173565626284
21000677 9940391.3241706641379218615797301057746
21000678 9940391.9711429997432694630030220545005
21000679 9940392.1343569624032137810022454197731
21000680 9940392.5774540954951179253861753893011
21000681 9940392.7647062669426882823795829894568
21000682 9940393.3937538996880583199198090220115
21000683 9940393.7234501495531508558740125667893
21000684 9940394.2364197585561470959641129689140
21000685 9940394.6662882677348824358376895828646
21000686 9940395.2724850395539067471403039996430
21000687 9940395.4060527006484781597986864576082
21000688 9940395.9280493538474610392453695145196
21000689 9940396.2685865552818765299081256745843
21000690 9940396.9856111507982659188431906369266
21000691 9940397.3339778324436697132366678878670
21000692 9940397.7450520990563210662961147190513
21000693 9940398.0346215116111624122659920602898
21000694 9940398.5097662672868979126601361039272
21000695 9940398.9862243897611296650441284309713
21000696 9940399.5785005678113905588023158922366
21000697 9940399.9712140049473109455049186366415
21000698 9940400.5427052149886609446615244101826
21000699 9940400.7637377890111432025878275759646
21000700 9940401.2261949432455130205424816491895
21000701 9940401.7817201545534870178261452592939
21000702 9940402.4520375147758986754787852507689
21000703 9940402.7236550278021489457712659782455
21000704 9940403.2236646719326704674006562837851
21000705 9940403.3918426329098058733404154900881
21000706 9940403.9987640654611285787784785767332
21000707 9940404.5628511106961688880131111006114
21000708 9940404.7643971171792456949518178604698
21000709 9940404.9908211590271467325002371955673
21000710 9940405.4906338103833684595147280033247
21000711 9940405.7121429521224924107879504442649
21000712 9940406.6778135523966494654763551371645
21000713 9940406.8738513195871728379955636250977
21000714 9940407.3855913979618819995933317772942
21000715 9940407.8152524488935470892622593692649
21000716 9940408.4470145917886089942849615998560
21000717 9940408.9280239540725065371681389918157
21000718 9940408.9981793446539232292442553410324
21000719 9940409.8132827654906533713163633395173
21000720 9940410.2701399665091007580235600497727
21000721 9940410.6956299596451158141540401764399
21000722 9940411.0896119473251606467451879474140
21000723 9940411.4380911122629849347244501950096
21000724 9940411.7582354150357483928116809545856
21000725 9940412.1057419174282962883982244746676
21000726 9940412.5885267533771861132128596204869
21000727 9940413.2656116153721891434967277491685
21000728 9940413.6556337351861690834471179116288
21000729 9940414.0995814316045586950610028104858
21000730 9940414.5828306026207903937881058186548
21000731 9940414.8943166269683819698328882306379
21000732 9940415.2994650696066427299187572600225
21000733 9940415.7513366780233741292620525548301
21000734 9940416.0951249304045428787964352897753
21000735 9940416.4546052364496378966237395917699
21000736 9940416.9991533324769356404613385974499
21000737 9940417.4404632908940854242708326222457
21000738 9940417.9731635158995913735518599387755
21000739 9940418.5469447755054908049491954361034
21000740 9940419.2203413340116825559657602947743
21000741 9940419.3968754593755965857773159426615
21000742 9940419.9916830196776434932555637315372
21000743 9940420.2324777378463328540688175123492
21000744 9940420.7187682025541356367123747295887
21000745 9940421.2851268989336435564734206177379
21000746 9940421.4941576719166551302931153995852
21000747 9940421.8180650738092367720138503116872
21000748 9940422.3082228419746915732667289119558
21000749 9940422.9692779924760062207200539271488
21000750 9940423.1528242429586310259524439382123
21000751 9940423.7382355539328746059179845753268
21000752 9940423.9253597117698011742172417585985
21000753 9940424.5178700794181831574863419051249
21000754 9940424.9380613030276707495229599086311
21000755 9940425.1885425762727205638607545812227
21000756 9940426.1927218387973058078902879145064
21000757 9940426.4185080628550583219301099283170
21000758 9940427.0456896016161802041397829020816
21000759 9940427.2320841367335960484159931155391
21000760 9940427.7623585854835766294356477900308
21000761 9940427.9949147555108554029653280751033
21000762 9940428.5804984228864120900875026850938
21000763 9940429.0816736882231227082505427777439
21000764 9940429.4497754686507140223006875253991
21000765 9940429.8465284168757494950719743593141
21000766 9940430.4835599658122486987976811888228
21000767 9940431.0070013812425871049371265819751
21000768 9940431.2571186517458659956401582432913
21000769 9940431.7194140748206743534288615744657
21000770 9940431.9894211693546417852144195657633
21000771 9940432.3307769888561653993746395581735
21000772 9940432.9637700992672093518636267405936
21000773 9940433.3472054344151352328468852742214
21000774 9940433.7927659846254251367365448209118
21000775 9940434.2686588889669757555688089799097
21000776 9940434.5228969898598976300090870708240
21000777 9940434.8957234848005420416179635048070
21000778 9940435.3820210609622613443071122315875
21000779 9940436.4343095410775464891388506069437
21000780 9940436.7222211386952214891533422912449
21000781 9940436.8325259250211233311045178215593
21000782 9940437.5723586543406677377314953449368
21000783 9940438.0172544880238467000866557763112
21000784 9940438.3561250949324853826848639031163
21000785 9940438.7056349391506813723337342575411
21000786 9940439.3287610620473721542033758736259
21000787 9940439.5764876259824704205024101871229
21000788 9940439.8695103994510031549695175526672
21000789 9940440.3155328677759241620835550404737
21000790 9940440.6574156111754292590819546444914
21000791 9940441.2987808241061825585236568652857
21000792 9940441.7213618802531153052778769083087
21000793 9940442.2982914611153305213524099818932
21000794 9940442.8257379749217847188502838726842
21000795 9940443.0584207099528592412788276078733
21000796 9940443.4076409172313372793748216356527
21000797 9940443.8065916576070198387257705201907
21000798 9940444.2599244437849023828288727924094
21000799 9940444.8781726765241667158631556108866
21000800 9940445.3361469692795403660148037370787
21000801 9940445.7008159219578720345246132400523
21000802 9940446.4996788317295256083196926892359
21000803 9940446.7198888595658547365589240620245
21000804 9940447.0021523651560790970735936211738
21000805 9940447.4525456249737049271060983482361
21000806 9940448.0498063677978271340245985353012
21000807 9940448.3412185385455329798124012903985
21000808 9940448.9880531844057557626078099428020
21000809 9940449.5396853159887229214355277108577
21000810 9940449.6929690123883573876093915566931
21000811 9940450.0166319245397502425728104054130
21000812 9940450.5445173594705544671194452776811
21000813 9940451.0442121446830868961282726508598
21000814 9940451.1697566084475752739836798274297
21000815 9940451.6905700737136458818043504260743
21000816 9940452.0309780031880243878613382597562
21000817 9940452.6347417826782300088414701004027
21000818 9940453.4212920166479787888853317237736
21000819 9940453.6330962319478751209047764786339
21000820 9940454.0719437452604818312268377831171
21000821 9940454.8458536001948951572000086171965
21000822 9940455.0632274541453564724788892419050
21000823 9940455.7498858116072459117163507647537
21000824 9940455.9147751356423294035603534472976
21000825 9940456.1614387481533681167619808821175
21000826 9940456.6019133539320352846956227242293
21000827 9940457.3803835412502367374813553921867
21000828 9940457.5795885128687494727443152693435
21000829 9940457.9592777529077508216520650969218
21000830 9940458.6128737914721008257576515269110
21000831 9940458.8408316744113688527329158542156
21000832 9940459.4693813008195783114519662400385
21000833 9940459.6783443260701138305092376412017
21000834 9940460.3737585675470080524933960064381
21000835 9940460.6059562853139876868966784156778
21000836 9940460.9755694197568690013972397719850
21000837 9940461.5456450235000756143780263759721
21000838 9940462.0350038956914605714182863870525
21000839 9940462.3170688400996978794881316119289
21000840 9940462.9330357521912138547349680897427
21000841 9940463.3827737536110233175097738822258
21000842 9940463.5088973210827191882353022265680
21000843 9940464.1767474763568917763026548838758
21000844 9940464.9755219638874107301588558552962
21000845 9940465.3214160284544938907690962929801
21000846 9940465.8487413726182814453315308141631
21000847 9940466.1220967015637721351163920345211
21000848 9940466.5214819612584963815404324346646
21000849 9940466.8016733560158169024868697505272
21000850 9940467.1539144404826875392023025828902
21000851 9940467.5915364562290027746160601048020
21000852 9940468.3347329270857146255272505387223
21000853 9940468.5306984848880945712972535909381
21000854 9940468.9591652562322353306482012979927
21000855 9940469.3508409781208894809596016841360
21000856 9940469.7099129157413445797984774503214
21000857 9940470.4222228921739536387219428042560
21000858 9940470.7691915745858937338610168403058
21000859 9940471.2847088584570839950909334757552
21000860 9940471.5187260588293768808962004666335
21000861 9940472.2677878791477834152359081281099
21000862 9940472.7350032853574051514380207336845
21000863 9940473.3599232807890450670993668237873
21000864 9940473.6004611823115362116528037621961
21000865 9940473.7296146617111303207414760293045
21000866 9940474.3286594828643036901435759785299
21000867 9940474.8003358676728904614549311922442
21000868 9940475.2987090891893349438789453512572
21000869 9940475.5858096744081403468964486639509
21000870 9940476.1341337806839442099943953784873
21000871 9940476.5837529811546940090741935780801
21000872 9940477.0089325541021968513871959211332
21000873 9940477.5708142919575224698304729627579
21000874 9940477.9515958870700811081177912994192
21000875 9940478.2627190945264052005889746862582
21000876 9940478.7874859651543278424036807767091
21000877 9940478.9376792356587251627624561198436
21000878 9940479.4201309182545032825887318516306
21000879 9940479.8047437969803334475613805274838
21000880 9940480.2471472987723243524414119502526
21000881 9940481.0154283426837524710902355612482
21000882 9940481.5618055124088913171857344146531
21000883 9940482.0950375749686830618721118484344
21000884 9940482.2238012027603911708205459094275
21000885 9940482.9145356026012844230827803862761
21000886 9940483.3571490813398885867375422132459
21000887 9940483.5579741735303418191320833278028
21000888 9940483.9350927129742631833277749067410
21000889 9940484.8273980772088973068615872576090
21000890 9940484.9944723583206378096380849004360
21000891 9940485.3595595629377209922684635691725
21000892 9940485.6121405248464269317628052009278
21000893 9940486.0825011740298154064423133143247
21000894 9940486.5278351900762856998262229551389
21000895 9940487.0126716313667051328929831629299
21000896 9940487.3904384009342772576493858662950
21000897 9940487.9399317495675189608218605855566
21000898 9940488.6005164365317149993555450730261
21000899 9940488.9036626552313001633025971736670
21000900 9940489.3065500836953885881317932830195
21000901 9940489.5667129021703088480103274062349
21000902 9940490.2270084354202668418258370856850
21000903 9940490.7093791813059208616207760947309
21000904 9940490.9955193800951364494959284239526
21000905 9940491.6342822901091691691309311217520
21000906 9940492.0878948176721915428384495694168
21000907 9940492.2732039308358599460320770151615
21000908 9940493.0003729328560947398945236506862
21000909 9940493.2235918421825979264936373304083
21000910 9940493.9837920473032654006813201329022
21000911 9940494.2534883744762926020429473656847
21000912 9940494.5898511548331135062417691375278
21000913 9940495.0918196924387272068598754755265
21000914 9940495.4506333066445674835166743149397
21000915 9940495.7865545837234360557050560248195
21000916 9940496.1661637206297069089537061629612
21000917 9940496.8081600048022254061274865337520
21000918 9940497.1767858950179946480175005276320
21000919 9940497.5704810718596639764201798836634
21000920 9940497.9843277616116190036208791821570
21000921 9940498.3027417781583319056972837827944
21000922 9940498.7509042528620426588566263521689
21000923 9940499.6249616282197406524504784812886
21000924 9940500.2303736498652565118563232330221
21000925 9940500.5590901198887407087450949459019
21000926 9940500.7722953681171862415358473819809
21000927 9940501.3637088954094550933503313232302
21000928 9940501.8322125850984273494746751979909
21000929 9940502.0875889619059035014748083719314
21000930 9940502.4721860117430476097318482596150
21000931 9940502.7891933729771774096580814387961
21000932 9940503.2289470530772555078136275464524
21000933 9940503.7419359156446492086980579074825
21000934 9940504.3669438824204413270284062646835
21000935 9940505.0261146356203172057490968667893
21000936 9940505.1522231137110340320837736357142
21000937 9940505.5116880052100996443075363948379
21000938 9940505.7429340393285019768213041769754
21000939 9940506.4220770582698713233421094249880
21000940 9940506.9996719696971613478865821490045
21000941 9940507.1685446786875577228845281938288
21000942 9940507.8290540705748387196186468829895
21000943 9940508.1486834800239284526533430556639
21000944 9940508.6109177585795620334543196373321
21000945 9940509.3710563866798012400351427704575
21000946 9940509.5391585446855948111584964426841
21000947 9940509.8469989011100548063576295021282
21000948 9940510.7787633988893056352131754240199
21000949 9940511.0532679374958815206758439563396
21000950 9940511.2634096171138985106207527784501
21000951 9940511.8853261889406453457877188658486
21000952 9940512.2365145289268174952181751262056
21000953 9940512.8864652455058420927816629727799
21000954 9940513.1970851659201686616539143941656
21000955 9940513.2897369942774424296197989345895
21000956 9940513.8096004364050760811739940301129
21000957 9940514.2725807704041180912311747602616
21000958 9940514.7041950297788252303650255163628
21000959 9940515.0888980585675751679041018969356
21000960 9940515.5473141962317838087855974487400
21000961 9940516.0492965791205203358001464350313
21000962 9940516.6185160012835427929041670869222
21000963 9940517.2715754973563366138643356133531
21000964 9940517.6749695807685965110796736340116
21000965 9940517.9509540344082675525637580560588
21000966 9940518.3925976090554373704322048721497
21000967 9940518.7109249636920619226623199101895
21000968 9940519.3236249381007198152451429325072
21000969 9940519.9522161426828695333375349413603
21000970 9940520.1832701138253447812624083430642
21000971 9940520.5426723731953401378084424183723
21000972 9940520.9136575614609184373152984962765
21000973 9940521.5060532214908063660611596575567
21000974 9940521.7989151633005445558387571740401
21000975 9940522.2745789426540160594080860201213
21000976 9940522.7310102765214391727142850446854
21000977 9940523.3023028697543386223085925228545
21000978 9940523.8322232645866503262436911045345
21000979 9940523.9942451210455325720558271798084
21000980 9940524.4968569556791452996995704527292
21000981 9940524.8212559554491724541536898680635
21000982 9940525.1806370829287999426819715457456
21000983 9940525.5819504274648578142133864607035
21000984 9940526.2219870171900999553450198559945
21000985 9940526.6930443516200392276925645707116
21000986 9940527.2584767284646595034905585842060
21000987 9940527.8777607195363386601108390751067
21000988 9940528.1955889358421208923519761699309
21000989 9940528.6614563977598652931381049552784
21000990 9940529.1438971815725677593443018903342
21000991 9940529.4186364183043872464741963477387
21000992 9940529.8267708998455311623241101004071
21000993 9940530.1562148862971334985694706766429
21000994 9940530.7489510559704268964375057255864
21000995 9940531.1389652714953402205192041406473
21000996 9940531.4552110801616700394611666362136
21000997 9940531.8744646722505740772027593534149
21000998 9940532.3575791690648733970974684884568
21000999 9940532.7124605732976166710877663566570
21001000 9940533.4738728501343249057157714060213
21001001 9940533.6715367938702580096244630022699
21001002 9940534.0524207461927177534727826105097
21001003 9940534.7036043657640241446391175546889
21001004 9940534.8441563844396823460634658158071
21001005 9940535.7661392053697456317917973680835
21001006 9940536.0570659226549944917243501764559
21001007 9940536.6447439182113450846944118382918
21001008 9940537.0136516514162546337577864602457
21001009 9940537.2897104466894665340846876853395
21001010 9940537.4741876097290553205992092955123
21001011 9940538.0277198967215413645724296113350
21001012 9940538.6457586819925370669546981284824
21001013 9940539.4473957768286919703767970907539
21001014 9940539.5326280778349810062190893677582
21001015 9940540.0179462638663169749584354043225
21001016 9940540.4459159216515848631749306310646
21001017 9940540.7269296672011195007978758849917
21001018 9940541.2977922063645111598116915614745
21001019 9940541.6930732257893239101847036455414
21001020 9940541.7772705510372577421381503053200
21001021 9940542.4253721575258951330297003687534
21001022 9940542.9874636168116774592395284534094
21001023 9940543.2356773227257236675978395733973
21001024 9940543.8209217893120714771022455383293
21001025 9940544.3297586973071435411946777818715
21001026 9940544.7778922866528555608960839482626
21001027 9940545.2721376015196815166630373557691
21001028 9940545.8212346083616055611282674967645
21001029 9940546.3137896881330900531352532840656
21001030 9940546.7605323907792525036097419340231
21001031 9940547.1591728073988443710670447850677
21001032 9940547.5118981584699877097225195070046
21001033 9940547.6907476783838310948948369565850
21001034 9940548.2179299999742650051101645026892
21001035 9940548.7815075363753606420128856284198
21001036 9940549.2754952842009239263245620461177
21001037 9940549.4789141975515983108533205444338
21001038 9940549.7872630198350407662781542753734
21001039 9940550.3566408163804915157590151007783
21001040 9940551.0969194337099078056400055518071
21001041 9940551.3898285662275568496616882722979
21001042 9940551.8922382817820654454847253564100
21001043 9940552.1336203090259374843773821099797
21001044 9940552.6800490572885406616589430371060
21001045 9940553.0180383095795112642705142897168
21001046 9940553.5079860794611063854156038923905
21001047 9940553.9710672160860014200672485616486
21001048 9940554.4155469034647977404227445899739
21001049 9940555.0322318708810211410169545756496
21001050 9940555.4242746189064255757886247601734
21001051 9940555.9656009403593971425712067834376
21001052 9940556.3426087670457770089298475859443
21001053 9940556.7078228681120359507214645923452
21001054 9940557.2442873920643072923186169421617
21001055 9940557.4780547936206847297601210082457
21001056 9940557.9646173130975693700453555524266
21001057 9940558.4458874221159194086742364587444
21001058 9940559.0340075256808701732192023072176
21001059 9940559.1131711503434963168670679904226
21001060 9940559.9457872808992072392700718936208
21001061 9940560.0568008262774097408969411240716
21001062 9940560.3742448681896951601366076657161
21001063 9940560.5502150052423691679101585415935
21001064 9940561.3702002014205393152328398933050
21001065 9940561.9293301234998632708666991245583
21001066 9940562.4067533215081075415410743257547
21001067 9940563.1367602697691043170859451385256
21001068 9940563.4537507018403959924214223119865
21001069 9940563.9004677878926257583073698922169
21001070 9940564.0028516838815913187344185892838
21001071 9940564.7622469288739486255357694099699
21001072 9940565.1253466355851016390731950856616
21001073 9940565.3859740138816677213334562032532
21001074 9940565.8219188637308150375322393329433
21001075 9940566.3946148066867587520259190302221
21001076 9940566.8364870717596378984607213680061
21001077 9940567.0763062698188262811798008956620
21001078 9940567.6042561720748934810037752335039
21001079 9940568.3808697114282816920788967498816
21001080 9940568.5675939403937462455603293934683
21001081 9940568.8799964667654220631299580934949
21001082 9940569.3943209601690897355651113541281
21001083 9940569.6146820905651634037132910808471
21001084 9940570.1807576641675134134391581185463
21001085 9940570.8820567714469272077574628042720
21001086 9940571.0008131943382061097048848910024
21001087 9940571.6589990409672409702054051442671
21001088 9940571.8070878800405782851976725914672
21001089 9940572.6785256243114641463652031006796
21001090 9940573.0325414361815380664481358531380
21001091 9940573.4865291707813562018674849879329
21001092 9940573.8349420744322170943242452391780
21001093 9940574.3538097175912030054137007148175
21001094 9940575.0691459598613316271559355102908
21001095 9940575.4147214835510444098591397842409
21001096 9940575.6990106336609060767261627476946
21001097 9940575.8541735965702924472106044869866
21001098 9940576.3800146907742938524865113888275
21001099 9940576.7955685447077217776904970057281
21001100 9940577.1038202128361707608056595688671
21001101 9940577.5500890403684040979530844917220
21001102 9940578.4426523180357854904228032597885
21001103 9940578.5725445167531798922897128094360
21001104 9940578.9021574105959571542590846059565
21001105 9940579.6482733316144108092149300651298
21001106 9940579.8748533184266492425146368817073
21001107 9940580.2947765462439658807821897394003
21001108 9940580.9646740662189201545352667570556
21001109 9940581.4514458850311073414821195683338
21001110 9940581.9457652869651265504682196333694
21001111 9940582.1892733231938012516253969115571
21001112 9940582.6857085415132270947843590781680
21001113 9940583.1696180335413690922484808877925
21001114 9940583.5854963919313067388878481233622
21001115 9940583.8310874450351782601134082147315
21001116 9940584.3881743347963601655932102135919
21001117 9940584.6683507979884416369787586123987
21001118 9940585.5358137222432293713086113030085
21001119 9940585.8972649116195753691705962219806
21001120 9940586.1055033012372219947839038242720
21001121 9940586.5437740267969129810690016440652
21001122 9940586.9758137019600862555921584611319
21001123 9940587.4184534491098911401958091911883
21001124 9940587.8147110454107316383457496153067
21001125 9940588.2741047118957255217636366087360
21001126 9940588.6507903139889461131041489156180
21001127 9940588.9066690983939328553535223296722
21001128 9940589.4745350429978628186387729908349
21001129 9940590.1143113691870066904041921482631
21001130 9940590.9026760191936736445196056966074
21001131 9940591.3813066522824007211010273562879
21001132 9940591.5795309029112770369490250419115
21001133 9940591.8975920920986382533863983824816
21001134 9940592.2940874601541336311670999662627
21001135 9940592.7836230984590133514362104302151
21001136 9940593.2659597801497379148213027592381
21001137 9940593.6944269417425086487710222037935
21001138 9940593.9432999831806279305807334106742
21001139 9940594.6173540840879579239083154352984
21001140 9940595.0263758275568419630218235710502
21001141 9940595.2024190303719366773850555394563
21001142 9940595.6217697535424391262584699949680
21001143 9940596.2170572835669858608890240871557
21001144 9940596.5469673388382855417911952165136
21001145 9940597.2387745841629309691976268609439
21001146 9940597.5169086856813996022795456864328
21001147 9940598.0971756223543746377051230292552
21001148 9940598.5304698962815476230324334183124
21001149 9940598.9966398465567743898926667035155
21001150 9940599.1914401682691095299572394722457
21001151 9940599.8825022601083129870559784871942
21001152 9940600.2970697596962122352160827417921
21001153 9940600.5341461753953583233395504455460
21001154 9940601.1822253785209682768285292143996
21001155 9940601.7098279137941979843156679179924
21001156 9940602.1581243705453576995717604503525
21001157 9940602.6173218240466352432227650538273
21001158 9940602.8693248454119696554757417966473
21001159 9940603.3862341676574378883514013933659
21001160 9940603.7089290546924541512644253457814
21001161 9940604.2212742845320890118033700422368
21001162 9940604.6847777954048452056600324364025
21001163 9940604.9240262116337322836056709745409
21001164 9940605.3901270022687565278299135681626
21001165 9940605.7953213418552056508575599511443
21001166 9940606.2079546918442559357653643428446
21001167 9940606.6499757587564144076919888413623
21001168 9940607.3725359559346476080332020519242
21001169 9940607.6040407675041404937302047651774
21001170 9940608.1720383648822029120141944980130
21001171 9940608.7620736868190476529932956970285
21001172 9940609.1355018249829756704292608223122
21001173 9940609.7781430589811183586768071624958
21001174 9940610.0325953380937438123275238604151
21001175 9940610.5203887012459492924751691365994
21001176 9940610.8963628259740454820842966777655
21001177 9940611.1722896241278811328570097148635
21001178 9940611.6546918718986579732623975686323
21001179 9940611.9435550068982393036180668181612
21001180 9940612.3789488646214956454736301320860
21001181 9940612.9607488366872225055757003413310
21001182 9940613.5936244782752554607803985841679
21001183 9940613.9445511408198242353770490409391
21001184 9940614.2841125822067892225917538330309
21001185 9940614.7981432874127248788464457823475
21001186 9940615.3014618343832582207381157693858
21001187 9940615.6327904381262548019084978831387
21001188 9940615.7359004109253484357560097930226
21001189 9940616.0537700148850065169012484327953
21001190 9940617.2100560715677787002305592959589
21001191 9940617.6054503564381392507821610614313
21001192 9940617.9210996205674127211438097436081
21001193 9940618.1158158077232309124899093337596
21001194 9940618.7635870533376283049957571468299
21001195 9940619.2529101419598617419730078125361
21001196 9940619.7978306280216697173008921872471
21001197 9940620.2427467961782417921755617353781
21001198 9940620.5446946012056392902995227107351
21001199 9940621.0438119346047883640124835707771
21001200 9940621.2488502050365348276005668744877
21001201 9940621.9347132039074357317826477950160
21001202 9940622.2988104775532139236951223252567
21001203 9940622.5432007102685840581594171393113
21001204 9940622.9096929596247810480338764164727
21001205 9940623.4942798836511001709864833985073
21001206 9940623.7411243836395731078407969636469
21001207 9940624.2756282546713931024663081903579
21001208 9940624.7998689281028600307763871433116
21001209 9940625.3798569427260243502993903623340
21001210 9940625.8074576400381217649188475808947
21001211 9940626.3496043240272858726061143425788
21001212 9940626.7799277085712278832550672741202
21001213 9940627.2810565385612968906616613289213
21001214 9940627.5599568679866654774028198814785
21001215 9940627.9488674197720807223931426404913
21001216 9940628.4243862423904951722226212861848
21001217 9940628.8289279910781789467214683968694
21001218 9940629.2073964021979043410868996934706
21001219 9940629.8658311383786584252219998372229
21001220 9940630.2560114834343634030626219388144
21001221 9940630.6582931764089141308298593609783
21001222 9940631.1425420216432447129074867083775
21001223 9940631.4285181433173017086798070446381
21001224 9940631.6630297971080672391553951914194
21001225 9940632.3866830482141530546905692011404
21001226 9940632.9711176709883445167742781013627
21001227 9940633.1969727278941318201937587863868
21001228 9940633.5838748128805305125040730914784
21001229 9940634.0224446809039135945249504867581
21001230 9940634.3431065303726303028276806280592
21001231 9940634.8226222974550842415055799000603
21001232 9940635.4173397924247373756692127205193
21001233 9940635.8125524040018221791230330531959
21001234 9940636.6389084342815410967425218294569
21001235 9940637.0989503484193367619182817401539
21001236 9940637.4344129421508998073184125700075
21001237 9940637.7327143887399837286762561818353
21001238 9940638.1272412446162659687860399597124
21001239 9940638.5535923504597035622470302183432
21001240 9940638.9599736710254745183077322907428
21001241 9940639.4817413350170920265509849239891
21001242 9940639.7462481953846132713409619713035
21001243 9940640.2184725409589117714075709477023
21001244 9940640.4948830125240333734495722876554
21001245 9940641.2539980506955177122377091075939
21001246 9940641.5188038109063017555390414280868
21001247 9940641.9184371827882219842664706713261
21001248 9940642.5892409093909285180267459711499
21001249 9940642.7003909253982630065051609288993
21001250 9940643.4353369516511147909115636334510
21001251 9940643.8146312527088453163278300760142
21001252 9940644.1850731066346985993082937219794
21001253 9940644.8154091605445153371495268319430
21001254 9940645.1519180156419927245327353047624
21001255 9940645.7845869293958886454581470314011
21001256 9940646.1122666608398895549015719376070
21001257 9940646.3539180740610008865015695734694
21001258 9940647.0699088616967237867759422758540
21001259 9940647.2380328663051636129169482648116
21001260 9940647.5915347018084933917211692141191
21001261 9940648.3599184991054987903129978551557
21001262 9940648.8905632436498788806851560853052
21001263 9940649.2478629370011422969615006658359
21001264 9940649.6174173903460966587314639616455
21001265 9940650.0066834281869644886140794768988
21001266 9940650.3311841782076266049147485076855
21001267 9940650.4582458709271092322137516110251
21001268 9940651.2380320248277040575164784696656
21001269 9940651.5164943736361799731706066995806
21001270 9940652.0559036275772711963183372562624
21001271 9940652.3809446330163286722454563471739
21001272 9940653.1208250231022798597888495348675
21001273 9940653.6777968674980360210551987574629
21001274 9940654.1046557367638342472586714195834
21001275 9940654.4526575710631661206944343598044
21001276 9940654.9943008817710397830690247088016
21001277 9940655.2751919414606523939142918129196
21001278 9940655.7360978329221042034911857841912
21001279 9940656.3612125971610326779226816970845
21001280 9940656.6799154136476350065223843108704
21001281 9940657.1345825841660296088197464694919
21001282 9940657.3018655382152513657994500666959
21001283 9940657.8309550144730050100628791029648
21001284 9940658.0152710314327407610077904936434
21001285 9940658.7600586227641238432736935688006
21001286 9940659.3131597200334461773200912514901
21001287 9940659.6683824598595229346100464473052
21001288 9940660.0507912475721751388130568957294
21001289 9940660.5556028070514085323390817285742
21001290 9940660.8674171633450874971645822928687
21001291 9940661.2762223305597211887583437955437
21001292 9940662.0657512346355727241501590751614
21001293 9940662.2414161273025335875053116750236
21001294 9940662.5894378867148556610712608258821
21001295 9940663.1051150025169403785448075929450
21001296 9940663.6751471383401032211744700352670
21001297 9940664.0644105501876805211922377237459
21001298 9940664.8153161294310061564980117141293
21001299 9940665.0847072680641500465822703305582
21001300 9940665.3445337969766325369987033130450
21001301 9940666.1394801111668718154991181107275
21001302 9940666.3434764968848340462080787158311
21001303 9940666.6501226065208164799939206824899
21001304 9940666.9908469100973764014125523064335
21001305 9940667.5417316975829120422164385994016
21001306 9940668.0216794065594333236731213261086
21001307 9940668.3619493445242249394846066528764
21001308 9940668.8889130061402339210088331207132
21001309 9940669.2764303456375146943835759581858
21001310 9940669.6183787952850741808066014443623
21001311 9940670.0513449129683237396179420634154
21001312 9940670.2790456884229514687146513829261
21001313 9940671.2600151600824960265282677570667
21001314 9940671.6547809012606688981453888128553
21001315 9940672.1953401988112247701335883197951
21001316 9940672.6672273725943682564578195937579
21001317 9940673.1507019180511596152300427470289
21001318 9940673.3305292743732528390444426974081
21001319 9940673.7067496906159143197326363852596
21001320 9940674.0159348903353265663720695289870
21001321 9940674.5488390341775260980277534545318
21001322 9940675.1681642783175498974399763546340
21001323 9940675.4964878628160240809587173218655
21001324 9940676.0196070249300598019511354158377
21001325 9940676.2500996163846305153836271993447
21001326 9940676.9758600159692815748691674970442
21001327 9940677.4146277345920458441114799690402
21001328 9940677.5361861719448050958678168894797
21001329 9940678.1327827871514837529467507358304
21001330 9940678.5026310892009440141627565307703
21001331 9940678.8126136605013102560061658561446
21001332 9940679.5803850184425449619174056279261
21001333 9940679.6408399212829875479233298183228
21001334 9940680.1627849018349791208552715040500
21001335 9940680.8908941248053679028647486991743
21001336 9940681.2695645094981583879779766424631
21001337 9940681.8161167704118310028951951441910
21001338 9940682.2632926603690807332953052971454
21001339 9940682.4908163205534674145155152663308
21001340 9940683.2102836366767725261462307383209
21001341 9940683.6206247860329150819110083462839
21001342 9940683.9847358513404462530073663982196
21001343 9940684.3083508988596585413969717415586
21001344 9940684.7911684863016025251269820168816
21001345 9940685.2601251530749524771368754641680
21001346 9940685.5203234969322127706862772067169
21001347 9940685.9900266948176876713373966168369
21001348 9940686.3499257290451728485352420786399
21001349 9940686.6781336602330779415365963621661
21001350 9940687.0373939034732813061955289359030
21001351 9940688.0924269163370931409569730784410
21001352 9940688.4337193728519325800081299664175
21001353 9940688.7129681395477235945411715843017
21001354 9940689.0522355728368921645657144372790
21001355 9940689.4142843604312793351364711177518
21001356 9940690.1735955605900641452723453448804
21001357 9940690.5375031338279443880698575648420
21001358 9940690.9777301933632106986197009667840
21001359 9940691.5736077053084400278395785150764
21001360 9940691.8530057740258003440043552724780
21001361 9940692.1858731480888082112351224599120
21001362 9940692.5907529758539992824691509459188
21001363 9940693.1885254059362767654334418001719
21001364 9940693.6036495559622155548678321989517
21001365 9940694.0691884287533591340735246402083
21001366 9940694.3536741468606435141944248175140
21001367 9940694.8887803793372841299908859968194
21001368 9940695.5107099572892008625406026566040
21001369 9940695.7855079835963767927076944567689
21001370 9940696.0857684608936938437316552879888
21001371 9940696.4383561822156816076319877439040
21001372 9940696.9141006374493842130549814734559
21001373 9940697.4094875246513687287204881898870
21001374 9940697.6930810774152475806983140690293
21001375 9940698.1651119520467155108767998766215
21001376 9940699.0662800706242814183855763524628
21001377 9940699.4182125877528936431710365571893
21001378 9940699.7577844871981966304558932463163
21001379 9940700.3895068775562101116172184023001
21001380 9940700.9055873314596308477868460583789
21001381 9940701.1645459930438546692871550668208
21001382 9940701.6269633417781665297004591050343
21001383 9940701.8095822411818268001751548154166
21001384 9940702.2139324778154386736563557277184
21001385 9940702.6830838462510462197672547570267
21001386 9940703.2158709334575191278476651588746
21001387 9940703.7983312221074130714840588819779
21001388 9940704.1515264687995190017205748463150
21001389 9940704.2617157046064275380617717619520
21001390 9940705.0824170274597564180058576547136
21001391 9940705.4091710447408907923733522218610
21001392 9940705.7195764441346772063596473033223
21001393 9940706.1487807348615507903167239805981
21001394 9940706.8130702014377053149555454080149
21001395 9940707.1399076429000826537293703386764
21001396 9940707.8035182590244886734784704062481
21001397 9940708.0890060918401105363343941759481
21001398 9940708.7056513641717490929983595240815
21001399 9940708.8556390284747784246616618520308
21001400 9940709.3851310084068863936774031812532
21001401 9940709.6545260589480521603499083864126
21001402 9940710.4400274769332387423099457165936
21001403 9940710.8605942465034952715625542632848
21001404 9940711.5235111324353045399772471210898
21001405 9940711.6128714362129483116922014420197
21001406 9940712.1023974848875510485728839964610
21001407 9940712.5666462532729432734737778263400
21001408 9940712.7350705826776891459479637109859
21001409 9940713.2732583318724669156709759539777
21001410 9940713.8119359989889417033173635476838
21001411 9940714.0939073272455310472048077952820
21001412 9940714.4174257217093601165357606660552
21001413 9940715.1799066413323617970035805117352
21001414 9940715.3682041958778672643028921143829
21001415 9940715.7952547864567551672938697672507
21001416 9940716.3333786972654709056749918349319
21001417 9940717.1327631824464584700941318987775
21001418 9940717.5560215094478585228690354370298
21001419 9940717.9019488530290707804287727358871
21001420 9940718.1979737188126454526609576914556
21001421 9940718.8014155172492885357273487087589
21001422 9940719.0568762287253775744943771914684
21001423 9940719.7483574511995596501355004322875
21001424 9940720.0360608973746749715847188040267
21001425 9940720.4331812432069802222751471898291
21001426 9940720.7574822884977725579835144383810
21001427 9940720.9651501760105306751920149700408
21001428 9940721.7198130419465607038770070011861
21001429 9940722.2265211429085705804141388629369
21001430 9940722.5071081229929343263090268510521
21001431 9940723.1501142631241560622142933023223
21001432 9940723.7179172155349335885011534001631
21001433 9940723.8749985698476084122682919685371
21001434 9940724.0821311584702875188989020203027
21001435 9940724.7886434922983257901954904334821
21001436 9940725.2248038221477625085901950185845
21001437 9940725.3041185951008551262644723355105
21001438 9940726.0509149811911205046564196086127
21001439 9940726.7328623748880664357273466719196
21001440 9940727.1269314907106538881270698793463
21001441 9940727.6263663627601411724184495219068
21001442 9940728.1426778277761931236104435432205
21001443 9940728.4765010316423428600921317556059
21001444 9940728.5904412955480239754291064924681
21001445 9940729.2997384819980053268243915034566
21001446 9940729.6265861736346685473748322851190
21001447 9940730.3698915690420555213693372167077
21001448 9940730.5731052983312196890868624168609
21001449 9940730.9689194683301781721695429418727
21001450 9940731.2819983207960078381033561359221
21001451 9940731.5599705595843211798183887354258
21001452 9940732.1369075548083845683173499785704
21001453 9940732.6993429198546894021724774547713
21001454 9940732.9529497421600063387399962665695
21001455 9940733.5577502454304238771892406544169
21001456 9940733.9365130964906677687253959259269
21001457 9940734.4728383953666701871806330024454
21001458 9940735.3374541817493668381573016059135
21001459 9940735.5150513424478992793652682248078
21001460 9940735.7546457146349395717292995099392
21001461 9940736.3335486769746883427577885167545
21001462 9940736.6380089411234181485349231713027
21001463 9940737.3653485604853876561155239234580
21001464 9940737.5212806265334504703510116524656
21001465 9940737.9852304870250325477158709395707
21001466 9940738.2090568490180498701938684662686
21001467 9940739.0916664548242875042412874758727
21001468 9940739.4433539478538394461949938543165
21001469 9940739.8282712169824336398107364455477
21001470 9940740.3159153387404129067587376696067
21001471 9940740.6165678566252988384047413521903
21001472 9940741.0534292833222113714345898106426
21001473 9940741.2577223375164955050433284431012
21001474 9940741.9959281860191801648097166136283
21001475 9940742.2035340239826269713247679336616
21001476 9940742.8546076985312200580715242066238
21001477 9940743.2036523413583670143130842170430
21001478 9940743.6797794496417366203822645386399
21001479 9940744.0926344077296035255229532898833
21001480 9940744.4774927458160302417329075600120
21001481 9940745.1526233599026408345689453895536
21001482 9940745.8066354918007122090088749921268
21001483 9940746.2673372966615828986580832473255
21001484 9940746.4730040591904537893265299125852
21001485 9940746.9291722708826343414091917618583
21001486 9940747.2878048273459466994224148685280
21001487 9940747.8003189578804379249979273340206
21001488 9940748.0801529884883555152826771149099
21001489 9940748.4122421536664507382875921819911
21001490 9940748.7903119837767812814797943989175
21001491 9940749.4234971702494302837471788633663
21001492 9940749.8272253360542908656040707018243
21001493 9940750.3424798723753876414470570334642
21001494 9940750.7204032303648256953712746838786
21001495 9940751.1823757578181250620477143832659
21001496 9940751.5865483910006214563680587718108
21001497 9940752.0962101979171729501237252915729
21001498 9940752.4430328094490387073317214913228
21001499 9940752.9724672319750815082749547553822
21001500 9940753.4463962368607645299794247960646
21001501 9940754.0550836227947035980907607379075
21001502 9940754.4121661563081540210355942618025
21001503 9940754.6850260858531339711370431951515
21001504 9940755.1879936401243959354937544064617
21001505 9940755.6141433352539535780997007906197
21001506 9940756.2248144970087929917111291692356
21001507 9940756.4531390042963538683101786958935
21001508 9940757.0623693270019576053457245341694
21001509 9940757.4726285420070749414551468573690
21001510 9940757.8011289286312497769170385875018
21001511 9940758.2187119235381779126493173628047
21001512 9940758.7623318794964578437239973756135
21001513 9940759.2538007240958363046891338319389
21001514 9940759.6131569339006188439568657839968
21001515 9940759.8594638631580355154985941049017
21001516 9940760.0263815146468885401252416474348
21001517 9940760.5570588787022758822297753853983
21001518 9940761.1859213188137482966148326637697
21001519 9940761.8124525072092758420097179221090
21001520 9940762.4883606024738445747393823187943
21001521 9940762.8653962427990625634769576854722
21001522 9940763.1935748608945599788689141372186
21001523 9940763.7926544942436883340795616147634
21001524 9940763.9627226017207694992772467801358
21001525 9940764.4453065796041795592301332167650
21001526 9940764.9095290932134404182879025991654
21001527 9940765.4147221433177381941205621190951
21001528 9940765.6213191357066457167295499160066
21001529 9940766.3182202070705025214887117729612
21001530 9940766.5804480603825078811436288875977
21001531 9940767.0822485854547409745654595331515
21001532 9940767.2829752105244334657969444299690
21001533 9940767.8242903249242571007927317942628
21001534 9940768.2700431429061160157942543173379
21001535 9940768.9569208085286350301447491557506
21001536 9940769.3107839794810036324413855482653
21001537 9940769.6925069991160243338293505495666
21001538 9940770.1123499186339969393682501784762
21001539 9940770.3974102775068350451206841682809
21001540 9940770.9174495793312692976982345558578
21001541 9940771.4443787650249989116327294616545
21001542 9940772.0199844377005783662101276573713
21001543 9940772.4945491718373160097370333986209
21001544 9940772.6385023778089359259670622013722
21001545 9940773.2130619182115943758130522206138
21001546 9940773.9442463931729876154789011552222
21001547 9940774.4219448368726287433406858116538
21001548 9940774.4806363950132477033954430952038
21001549 9940775.1606859745368298100056764762885
21001550 9940775.5411171801824363357579356979886
21001551 9940775.8400661037545923431527958830540
21001552 9940776.1046259748794225916451108716051
21001553 9940776.5645447694985845059807731876634
21001554 9940777.1856582789242437879853890070828
21001555 9940777.6794251670330136865737670733529
21001556 9940777.8366910907063801664595992246016
21001557 9940778.2404791126297440615783201579666
21001558 9940778.9326102468826854536028696919164
21001559 9940779.3490113691011394149263972625270
21001560 9940779.8273361472438166988458153360466
21001561 9940780.3127079584812171450016665816217
21001562 9940780.5624752179485462804499948818799
21001563 9940781.6264751871614053699861574193065
21001564 9940781.8912994476370771745657846405018
21001565 9940782.0519920778388719777447378953549
21001566 9940782.4544566369323322215788699763108
21001567 9940782.9809624369539740243315405873852
21001568 9940783.1810007204281635367740251091251
21001569 9940783.7187000062269866165319620646842
21001570 9940784.1166563953558940816427084317917
21001571 9940784.6010249115045823134215904645590
21001572 9940785.3401591852974509085682240197817
21001573 9940785.7012396271872688143044462508259
21001574 9940786.0215351918554596013921791865878
21001575 9940786.4122574122714362722073499693671
21001576 9940786.7769783352831254210256386505841
21001577 9940787.1132138075414301193130379077927
21001578 9940787.6425701828134644714922168712456
21001579 9940788.0784052946523480978207355973808
21001580 9940788.5412699296449225427656020585163
21001581 9940788.9493650523979028923172712930115
21001582 9940789.5303045133099446479604930133523
21001583 9940789.8876557155611894326885321559382
21001584 9940790.6360947374051686096284711835351
21001585 9940791.0424023463102516228391992335198
21001586 9940791.3424603742050478120772953372426
21001587 9940791.7976094698230111719655674750954
21001588 9940792.2407079149039972269162006575215
21001589 9940792.8211317724933742713138380019236
21001590 9940792.9715155739274122169160861885165
21001591 9940793.5638353531822906719659229221845
21001592 9940793.8880004676135278437778261621923
21001593 9940794.2218490001084114676609538090302
21001594 9940794.8335784907252609794848612807609
21001595 9940795.1844555799038237550084643080015
21001596 9940795.2839028860404822973796566787225
21001597 9940795.9649138085693216391875792390541
21001598 9940796.5336284694209698396441651210769
21001599 9940796.9343422533499106123113332538177
21001600 9940797.4478279606577287120952580980404
21001601 9940798.0102467184162388302398136081815
21001602 9940798.4308225864585005815665447467312
21001603 9940798.7943162117021200458071833278320
21001604 9940799.2875708251275812985602541601793
21001605 9940799.6099816334733781293659733541006
21001606 9940799.8657118929513324465941243066997
21001607 9940800.7109103272469744578956845099034
21001608 9940800.9866536063033118492013270990275
21001609 9940801.6972803912867684624253273352716
21001610 9940801.8742438789733783198475467573406
21001611 9940802.1835577602512324987705905593023
21001612 9940802.5604463545130844941735004943243
21001613 9940803.3070728045888407500690556099569
21001614 9940803.7710565093616309384459798570540
21001615 9940803.9941386775844664822836684494433
21001616 9940804.3143553123012507556599088486918
21001617 9940804.8312866459332526536280143902377
21001618 9940805.4193114093550118969580156983368
21001619 9940805.7629832314167540247665611572182
21001620 9940805.9782721451375419595963837687270
21001621 9940806.4340088498753802391885262154801
21001622 9940806.8612827897272965212586791977888
21001623 9940807.5420572048267360875847974575761
21001624 9940808.2671609985264656961144415905201
21001625 9940808.8300107585437847010971935183826
21001626 9940809.0138655797764053877877857055412
21001627 9940809.3059044243036480566614274309648
21001628 9940810.0099805752442262382194086900991
21001629 9940810.2178661556004763168958368908317
21001630 9940810.6222890138916377849044069327909
21001631 9940811.1287815951319860174224793602766
21001632 9940811.5371540860671224537202433608018
21001633 9940811.8332106258009910113573499050171
21001634 9940812.2461835596771899884195910054243
21001635 9940812.6490269763286137716611655658775
21001636 9940813.3167628658292928109953886937958
21001637 9940813.8972288287161787531977847040921
21001638 9940814.1587248697840245925082020216978
21001639 9940814.5601318624430435497054507871204
21001640 9940814.8517046776291699489430488040110
21001641 9940815.3519448837572752280321317518740
21001642 9940815.8026479172763125404980080860963
21001643 9940816.3802369407380061536852197775694
21001644 9940816.9974536090390627639827783760839
21001645 9940817.3713739623869594404814109753053
21001646 9940817.6645057406416012509141727533226
21001647 9940818.1108183040038607103029968781083
21001648 9940818.6508844196993427181192905814843
21001649 9940818.8905452794290830830610203675365
21001650 9940819.4907176441874680967346798846300
21001651 9940820.0873765615572405608832050597870
21001652 9940820.4745212636802900531106783309626
21001653 9940820.9051986829488699233355767621617
21001654 9940821.3534523645798765085821032051452
21001655 9940821.6354070430621363847097165872500
21001656 9940821.9547837745670872595841149797077
21001657 9940822.3837826338096482653861896056258
21001658 9940822.7039572083517089175909082676023
21001659 9940823.2494483905355403207943243567316
21001660 9940823.6669074797146276704113119746147
21001661 9940824.3454583710275497047961737979537
21001662 9940824.5362251730989031505287158327321
21001663 9940825.1061167294575615066089187078951
21001664 9940825.8563125087140169023056595644175
21001665 9940826.0694965991096023310715047439652
21001666 9940826.6186581849582625934854944725682
21001667 9940827.0437685520220310453028228796110
21001668 9940827.5641336753435348626054721645604
21001669 9940827.8851435903046397051498096094038
21001670 9940828.2626491124545276622261352894255
21001671 9940828.7162107930778765449969994832032
21001672 9940829.0772860623667105431105950279020
21001673 9940829.4683947402401582018704101922989
21001674 9940830.0277480532610575055143616531666
21001675 9940830.4673553235405468693054457890237
21001676 9940830.8231630915817108982557531097560
21001677 9940831.2977952413816860557686088098328
21001678 9940831.6731316389478807805298003152741
21001679 9940832.3118358384273339548828721488407
21001680 9940832.6288211859966694475322725113737
21001681 9940833.1882728506367547740259270819882
21001682 9940833.4102424562596374989549745023214
21001683 9940833.7126859829460881518886372204801
21001684 9940834.3208243851787810682525630471531
21001685 9940834.7044322113055696165383545991191
21001686 9940835.2858722532499486381497364406841
21001687 9940835.8910318008503953968533787572902
21001688 9940836.2356365278040414757201192830905
21001689 9940836.7760916073193974518159964570377
21001690 9940837.4779690832274256645970277070845
21001691 9940837.6708288006890269146035402408896
21001692 9940837.9513634139303182347322345061029
21001693 9940838.1555403326483755145635336383108
21001694 9940838.8480819975486672796523909818983
21001695 9940839.0701186365602494000131266940656
21001696 9940839.9493899571787840881090486583086
21001697 9940840.0894821209536547730389968442720
21001698 9940840.5043372976900714090601940915885
21001699 9940840.7914854227000768152244516809769
21001700 9940841.3165951027455303304787662130724
21001701 9940841.6635631425887548382895982856799
21001702 9940842.1705956544089369224495373466797
21001703 9940842.7300186605600553406607313752825
21001704 9940843.3426555657552282109776194633547
21001705 9940843.8786859753413140855739546821728
21001706 9940844.1996133139631224934123109304253
21001707 9940844.4603021741440066590559595428135
21001708 9940845.1188803329041696819109298225319
21001709 9940845.6378688105449544161917267045112
21001710 9940845.9207084115846926301509010256851
21001711 9940846.1387976567561372764628707351471
21001712 9940846.5681168678631913455831277292417
21001713 9940847.1556339992709617858793939589493
21001714 9940847.8482468601201763975904243834908
21001715 9940848.0641769708549216349461082855614
21001716 9940848.6615268672583211941993806443197
21001717 9940848.8829397451585247970029595895263
21001718 9940849.3513278703215230232634523892780
21001719 9940849.7630990580992566966392091414641
21001720 9940850.3041571275186236723439908564012
21001721 9940850.6971537209162742013569532722547
21001722 9940850.8744933721577508214395798754754
21001723 9940851.2138558110990940404231798919366
21001724 9940851.9085894574617933504982529571614
21001725 9940852.5167049138540060805772646370855
21001726 9940852.9528258359317031329671300394046
21001727 9940853.3570388931896043623555138331516
21001728 9940853.8796699591140975969266526775485
21001729 9940854.3762863808603796462684309249784
21001730 9940854.6942793633765443221944665635374
21001731 9940855.2562306340844170056437641943276
21001732 9940855.7488890059281561765945858506252
21001733 9940856.2338766791388660552084602839829
21001734 9940856.4361926555197151140386154862635
21001735 9940856.7531249544404711086800167232098
21001736 9940857.2724999467115716948988353415123
21001737 9940857.6127308874096022218928932774783
21001738 9940857.9119669460986863654327115563036
21001739 9940858.3998230355955602991162361989746
21001740 9940859.1190535993243630927658163829655
21001741 9940859.6590777276605324668011868291397
21001742 9940859.8156631449611086390032112228615
21001743 9940860.3979439619510208643122886532045
21001744 9940860.8264182794408415565101065157459
21001745 9940861.1360964252007699764071296048185
21001746 9940861.5574054226243083450405319851153
21001747 9940862.3526676731111158154955561393017
21001748 9940862.5109109065262927566764928219001
21001749 9940863.1025058174269251060998094566842
21001750 9940863.6000168348075680192288958006778
21001751 9940864.0504418950751097064052244948263
21001752 9940864.3283404334478072117854153928536
21001753 9940864.5526992541450535726253013238427
21001754 9940865.5855885142487420637214794619638
21001755 9940865.8290199426627211124942158546556
21001756 9940865.9718505393348729940813688174156
21001757 9940866.4963499710590380114908682416929
21001758 9940867.1105193888350638431033297036981
21001759 9940867.5033089792893390093138033675654
21001760 9940867.7367669888204253062247360356444
21001761 9940868.1520108726911717271672076947345
21001762 9940868.6748731880481668489733403194985
21001763 9940868.9651255516438310167209541576336
21001764 9940869.6577537329853690199348163957379
21001765 9940869.7928753870771826605037545970804
21001766 9940870.1229852384261915245155262186921
21001767 9940871.0919433654966768559424707360825
21001768 9940871.7514620165492981802308519438145
21001769 9940872.1281971822632111468538696003246
21001770 9940872.3919412640231641578044607210151
21001771 9940872.8896684918625018735926987166581
21001772 9940873.0832506983055044136429680297523
21001773 9940873.6264531123025136606020215209519
21001774 9940873.8000734248938983932321114906093
21001775 9940874.6586387934723423077110963467646
21001776 9940874.9610053929045528207483442391712
21001777 9940875.1174333904344721841954377170787
21001778 9940875.9228046882005958372698699256905
21001779 9940876.0703948021739938318371167102067
21001780 9940876.7614595048407604173329702348022
21001781 9940877.0555302413240584411672638846701
21001782 9940877.4593224929732421326546280415031
21001783 9940877.8392713041893398903168025880839
21001784 9940878.3461370539016895003053913422464
21001785 9940878.9121113725561894808349183048760
21001786 9940879.2732598105232916296826515404965
21001787 9940879.8359815730548478373406069363680
21001788 9940880.1347199277655852448779287365358
21001789 9940880.6639417172911116392727558867221
21001790 9940880.7312282366195112520375216491893
21001791 9940881.7374389513595036042145754394554
21001792 9940882.1484432079772495499373898328370
21001793 9940882.4695441398597183541697905760576
21001794 9940883.0703370880996718835576256871788
21001795 9940883.2548653424199203582857022907992
21001796 9940883.7874392834523297271575644982187
21001797 9940884.2968034946790055926180295053892
21001798 9940884.7015857490175910767891371788443
21001799 9940884.8696937926251758201162871347350
21001800 9940885.3306851255665176705370428484058
21001801 9940885.8581715626576427500258784628978
21001802 9940886.1429117657122418079049041499397
21001803 9940886.5858671155845453436235434282228
21001804 9940887.1125488074700568697100374175029
21001805 9940887.6466644854601166926449999533402
21001806 9940888.1389866679817972867679805724629
21001807 9940888.4726137773698226114557611279829
21001808 9940889.0355641580120013663071924508831
21001809 9940889.5327592066865292247342535069128
21001810 9940890.1063326773395245340037378265523
21001811 9940890.3125136348541307328960578261452
21001812 9940890.8326932352648623838424209739417
21001813 9940891.3335486905904316668341179717710
21001814 9940891.7729433574978218885979656888502
21001815 9940892.0476375196482776628021634350203
21001816 9940892.5306666343212226481748096097844
21001817 9940892.7714839673156336762550330398716
21001818 9940893.3058110809822256852211029330387
21001819 9940893.6918397507866579092560425449101
21001820 9940894.4963501096879570890051091731909
21001821 9940894.9419298654487817197693052805698
21001822 9940895.1871528156358868687090873346435
21001823 9940895.5381787959772342317540510953218
21001824 9940895.9609516075195805377312193669298
21001825 9940896.2301868686301162111366261100601
21001826 9940896.7291185491103477550002746441763
21001827 9940897.1265728639863964542038267878979
21001828 9940897.8622935568820573325241999488972
21001829 9940897.9913209066583447724812005627850
21001830 9940898.9742264328204613839693980563462
21001831 9940899.2457168903041279092894376445851
21001832 9940899.6799599317799572547630671101248
21001833 9940900.0808110603782631291488914586344
21001834 9940900.4957676945807183563240115963329
21001835 9940901.1207041777447768678533889434881
21001836 9940901.3814207723303790067209785504047
21001837 9940901.7436784857275519024949886088585
21001838 9940902.3067651287035513438781182616474
21001839 9940902.5081999220855872211735074783091
21001840 9940903.0663433559153589047641550224881
21001841 9940903.3647694196877454350656591395972
21001842 9940904.0185186196121740227743531854033
21001843 9940904.2981804796296161935700495942171
21001844 9940904.4333380501767558353526230764436
21001845 9940905.2730125620197655174302973517780
21001846 9940905.7293323877721506447837481730642
21001847 9940906.1618713446166058138317987991099
21001848 9940906.6694244125747058456666692096225
21001849 9940906.8779542567276234348213531304190
21001850 9940907.7845694041791197683154095324985
21001851 9940908.0632589885630808119001482692118
21001852 9940908.4496796252987389254895193002508
21001853 9940908.6959557397408593598092800250194
21001854 9940909.0643804692839318095727332790474
21001855 9940909.7147729502158071329336495791181
21001856 9940910.1697473215754501971289137193280
21001857 9940910.6420381097655435109658287041120
21001858 9940911.2546650543447282181077023541559
21001859 9940911.6786467455053128085056570139379
21001860 9940911.7978932004660406924670885370278
21001861 9940912.2677290486079195987710320452335
21001862 9940912.6012926932405624685503435646024
21001863 9940913.0912390851326418262999173976051
21001864 9940913.5560750216975887214894355156893
21001865 9940914.2285559936454901255449137034817
21001866 9940914.4833912802551018280469533692106
21001867 9940914.7394205353759818257947342619109
21001868 9940915.0966236546041608297846527837407
21001869 9940915.6198989996855727121423360800903
21001870 9940916.4517050179813281351915803561333
21001871 9940916.7444985172518930165648470163731
21001872 9940917.2930602118459261538293779742216
21001873 9940917.9136329700854377321445397294477
21001874 9940918.1715842501676453891221198319888
21001875 9940918.7775815935865726523703862220818
21001876 9940918.9980990179216997530904631921047
21001877 9940919.3432562913577115177794680505358
21001878 9940919.7398412339599973759003228656125
21001879 9940920.0357374309007368229241175715561
21001880 9940920.7071394319063985698002711532046
21001881 9940921.0442458521507665960420542130494
21001882 9940921.5364388494157768993400038523182
21001883 9940921.9655569504783598721069897240670
21001884 9940922.3799526980687174308675988436106
21001885 9940922.7942664007432378620219849540493
21001886 9940923.4150118252324695444520988719861
21001887 9940923.8837493047868057464216454923375
21001888 9940924.1409380985534802583906218580404
21001889 9940924.3980067458995599792855602615847
21001890 9940924.8840974621981001965999445220437
21001891 9940925.7225660042472597286585333620412
21001892 9940925.9182362901812056582488700990008
21001893 9940926.5417171959252937152572742715713
21001894 9940926.9843399458902768294051134913854
21001895 9940927.3303522737825046949845306619367
21001896 9940927.7178576475978632093002622925102
21001897 9940928.2134398350304708153238212424824
21001898 9940928.7339885582405319833807017534053
21001899 9940929.0123682877478373735543407734757
21001900 9940929.7660259842488527757050079079716
21001901 9940929.9435769942049267351439634337128
21001902 9940930.3449739659553206217920646917184
21001903 9940930.9540971746335263223528111530342
21001904 9940931.0980224282850540457708802225970
21001905 9940931.4695851209669151633308975359027
21001906 9940931.9831104238738823679984711408495
21001907 9940932.3195330897060935994876720058211
21001908 9940932.6351979152435776294410094008412
21001909 9940933.4765486086335495145635365680552
21001910 9940934.1195690645802928637692518710160
21001911 9940934.4115310772943343590236281437100
21001912 9940934.8572217059379956429420225065984
21001913 9940935.3873751594922992424563271751444
21001914 9940935.6838848763095286564162630872108
21001915 9940936.1389838711570924484756131170998
21001916 9940936.5601593671469105993383921030244
21001917 9940937.1879453676685452201814969994981
21001918 9940937.3868743764453008747965911078216
21001919 9940937.8489645186589949926836274890809
21001920 9940938.3119475604970016635489278734011
21001921 9940938.5034002192484990159895454636525
21001922 9940939.2953079495432842208328982734745
21001923 9940939.4724033865897982497088342282743
21001924 9940940.1899844026287057119253698123898
21001925 9940940.4729053558215596027998144170852
21001926 9940940.9862429996912204523552861082050
21001927 9940941.1282488287596735994790425649163
21001928 9940941.8632790435854210487660223645297
21001929 9940942.1398641615322957941509253449932
21001930 9940942.6740462924430075622137447129941
21001931 9940942.8871108096744059459062899507356
21001932 9940943.6350977340958416805212184011867
21001933 9940944.0630653371607627884384317180860
21001934 9940944.2597953041597900597519275728606
21001935 9940944.9837070589608465480620865868245
21001936 9940945.6426207053040845981086331196872
21001937 9940946.1360339192593679638846787103962
21001938 9940946.3865567081520951367019917205374
21001939 9940946.5698855305770227400980837382040
21001940 9940947.1027434675855036502169772712753
21001941 9940947.6423356842376554614237244879821
21001942 9940947.9803617892336491606357405752444
21001943 9940948.2988368739583861268326491448181
21001944 9940948.5665132655008463158703999087344
21001945 9940949.2393553808768889619997831786221
21001946 9940949.6885548308184823111895936316966
21001947 9940950.2178913630812313653927266463616
21001948 9940950.6032456892300638045757256063292
21001949 9940950.8041511486145586642530906088247
21001950 9940951.4579733615986179763440930788332
21001951 9940951.6562387949463612165703720832212
21001952 9940952.5677948157038503851462314809081
21001953 9940953.2003550273498685258681234977004
21001954 9940953.2923539654342520461748480664466
21001955 9940953.9230397465965982905281173969027
21001956 9940954.0091632254010327767402368311634
21001957 9940954.6103779596462554595191294434183
21001958 9940954.9538963110160280662770223620191
21001959 9940955.4995068999720681377896535056139
21001960 9940955.7919150499030863292605926764352
21001961 9940956.3672609579174337088345720272384
21001962 9940956.8943821318738931974280117559864
21001963 9940957.3858708606946599967237891747524
21001964 9940957.6818224076980596232257877105064
21001965 9940958.0831703805334848063858722473122
21001966 9940958.5681918430882748866877099429705
21001967 9940958.9094069631872729009959768530641
21001968 9940959.3491628103272926587301663222395
21001969 9940959.5629289911385065316605914835665
21001970 9940960.0911633916270572370758812035512
21001971 9940960.7540198883068749945017228064462
21001972 9940961.0467340916622779781531501006177
21001973 9940961.4515404004134777653794198812946
21001974 9940962.2525356055857320763624485396432
21001975 9940962.7293652971356113525735260270796
21001976 9940963.1641181868482390639499645684070
21001977 9940963.5525079149380629308166670779461
21001978 9940963.8541461567410612194413881175757
21001979 9940964.2783097807433150635904563750132
21001980 9940964.6010157985942724250692435254046
21001981 9940965.4672276753322722138117098326222
21001982 9940965.6351010816048327969797122490979
21001983 9940966.0078772366101681400764901752595
21001984 9940966.4970886717611263522986383735741
21001985 9940966.5618229800415604215113780381425
21001986 9940967.0510539101626008532804800550459
21001987 9940967.6783022941591698140701936443739
21001988 9940968.3606999192251679893450477022674
21001989 9940968.6078740897151077589650046922693
21001990 9940969.0530857263242579562233863302358
21001991 9940969.6596119422102061267616068922431
21001992 9940970.0155684185275906881818135226136
21001993 9940970.4371730494955432290775949143814
21001994 9940970.6025860567010192791240483654004
21001995 9940971.3523687488234715320674207351921
21001996 9940971.7890270350993018768256348798200
21001997 9940972.3328539680740692149463221122534
21001998 9940972.7216702951058063943321442831924
21001999 9940973.0044343001060347372108134844230
