1 14.1347251417346937904572519835625
2 21.0220396387715549926284795938969
3 25.0108575801456887632137909925628
4 30.4248761258595132103118975305840
5 32.9350615877391896906623689640747
6 37.5861781588256712572177634807053
7 40.9187190121474951873981269146334
8 43.3270732809149995194961221654068
9 48.0051508811671597279424727494277
10 49.7738324776723021819167846785638
11 52.9703214777144606441472966088808
12 56.4462476970633948043677594767060
13 59.3470440026023530796536486749922
14 60.8317785246098098442599018245241
15 65.1125440480816066608750542531836
16 67.0798105294941737144788288965221
17 69.5464017111739792529268575265547
18 72.0671576744819075825221079698261
19 75.7046906990839331683269167620305
20 77.1448400688748053726826648563047
21 79.3373750202493679227635928771161
22 82.9103808540860301831648374947706
23 84.7354929805170501057353112068276
24 87.4252746131252294065316678509191
25 88.8091112076344654236823480795095
26 92.4918992705584842962597252418105
27 94.6513440405198869665979258152080
28 95.8706342282453097587410292192467
29 98.8311942181936922333244201386224
30 101.3178510057313912287854479402924
31 103.7255380404783394163984081086952
32 105.4466230523260944936708324141119
33 107.1686111842764075151233519630860
34 111.0295355431696745246564503099445
35 111.8746591769926370856120787167707
36 114.3202209154527127658909372761910
37 116.2266803208575543821608043120647
38 118.7907828659762173229791397026999
39 121.3701250024206459189455329704998
40 122.9468292935525882008174603307700
41 124.2568185543457671847320079661301
42 127.5166838795964951242793237669060
43 129.5787041999560509857680339061800
44 131.0876885309326567235663724615015
45 133.4977372029975864501304920426407
46 134.7565097533738713313260641571699
47 138.1160420545334432001915551902824
48 139.7362089521213889504500465233824
49 141.1237074040211237619403538184753
50 143.1118458076206327394051238689139
51 146.0009824867655185474025075964246
52 147.4227653425596020495211850104316
53 150.0535204207848803514324672369594
54 150.9252576122414667618525246783058
55 153.0246938111988961982565442551854
56 156.1129092942378675697501893101691
57 157.5975918175940598875305031584988
58 158.8499881714204987241749947755403
59 161.1889641375960275194373441293695
60 163.0307096871819872433110390006880
61 165.5370691879004188300389193548749
62 167.1844399781745134409577562462105
63 169.0945154155688214895058711814318
64 169.9119764794116989666998435958216
65 173.4115365195915529598461186493456
66 174.7541915233657258133787624558669
67 176.4414342977104188888926410578611
68 178.3774077760999772858309354141843
69 179.9164840202569961393400366120511
70 182.2070784843664619154070372269880
71 184.8744678483875088009606466172344
72 185.5987836777074714665277042683928
73 187.2289225835018519916415405861313
74 189.4161586560169370848522890998453
75 192.0266563607137865472836314255836
76 193.0797266038457040474022057943760
77 195.2653966795292353214631878148621
78 196.8764818409583169486222639146962
79 198.0153096762519124249199187022090
80 201.2647519437037887330161334275482
81 202.4935945141405342776866606378642
82 204.1896718031045543307164383863137
83 205.3946972021632860252123793906930
84 207.9062588878062098615019679077537
85 209.5765097168562598528356442898868
86 211.6908625953653075639074867307192
87 213.3479193597126661906391220210726
88 214.5470447834914232229442010725905
89 216.1695385082637002658695633544983
90 219.0675963490213789856772565904373
91 220.7149188393140033691155926339062
92 221.4307055546933387320974751192761
93 224.0070002546043352117288755285048
94 224.9833246695822875037825236805285
95 227.4214442796792913104614361606596
96 229.3374133055253481077600833060557
97 231.2501887004991647738061867700103
98 231.9872352531802486037716685391979
99 233.6934041789083006407044947325696
100 236.5242296658162058024755079556632
101 237.7698204809252040032366259263873
102 239.5554775733276287402689320343344
103 241.0491577962165864128379214103356
104 242.8232719342226000168264744588786
105 244.0708984970781582368165279898444
106 247.1369900748974994675509681792082
107 248.1019900601484592567621420846569
108 249.5736896447072091923297941887400
109 251.0149477950160011429541551037080
110 253.0699867479994771945990137856179
111 255.3062564549140227530864917940013
112 256.3807136944344777893583823397297
113 258.6104394915313682089830586447592
114 259.8744069896780003506728446138766
115 260.8050845045968701859312334724646
116 263.5738939048701322330815881310234
117 265.5578518388763202924773089641850
118 266.6149737815010724957201129738679
119 267.9219150828240594403789671721855
120 269.9704490239976025946935053188985
121 271.4940556416449990181794167575227
122 273.4596091884032870457142502988019
123 275.5874926493438412487407026193778
124 276.4520495031329386798873436383991
125 278.2507435298419544927482767113162
126 279.2292509277451892284098804519553
127 282.4651147650520962330272011865010
128 283.2111857332338674204938379433290
129 284.8359639809047241331576339226964
130 286.6674453630028842928476241464148
131 287.9119205014221871552541202718675
132 289.5798549292188341527380235693524
133 291.8462913290673958355130544246386
134 293.5584341393562853567766971060351
135 294.9653696192655421750664486390095
136 295.5732548789582923884608314587787
137 297.9792770619434152099296829576829
138 299.8403260537213129600270525252938
139 301.6493254621941836234701002084181
140 302.6967495896069170517514770953529
141 304.8643713408572977001487499031444
142 305.7289126020368092892228212616610
143 307.2194961281700547894100333999346
144 310.1094631467018988047862197679989
145 311.1651415303560032709426708003548
146 312.4278011806008919804859830928742
147 313.9852857311589229790489657545763
148 315.4756160894757338685960781439538
149 317.7348059423701803956454942049681
150 318.8531042563165979066891845477493
151 321.1601343091135782919214714174306
152 322.1445586724829322988374450059887
153 323.4669695575120505062120304147951
154 324.8628660517396132649800869954006
155 327.4439012619054573434692638163206
156 329.0330716804809340336147275768039
157 329.9532397282338663438921221886314
158 331.4744675826634243756617538663449
159 333.6453785248698505849616830808793
160 334.2113548332443832324034079591923
161 336.8418504283906847946547629194120
162 338.3399928508066118862573260871631
163 339.8582167253635401923265509308740
164 341.0422611110465604825977845985367
165 342.0548775103635854514038250940982
166 344.6617029402523370441811880981990
167 346.3478705660099473959364598161519
168 347.2726775844204844757970948880699
169 349.3162608706961441231555557339939
170 350.4084193491920991876719532344873
171 351.8786490253592804367133930765969
172 353.4889004887188067836037686094353
173 356.0175749772649473179603619607666
174 357.1513022520396248096029282322904
175 357.9526851016322737551289189827774
176 359.7437549531144487992919859769902
177 361.2893616958046503902913112277154
178 363.3313305789738347473344495666148
179 364.7360241140889937162621021269403
180 366.2127102883313168610771451968066
181 367.9935754817403033261832980442079
182 368.9684380957343898915769012998921
183 370.0509192121060003396511630612665
184 373.0619283721128384491193964312852
185 373.8648739109085697447563627336596
186 375.8259127667393341079077141466931
187 376.3240922306680521171908196124275
188 378.4366802499654797240909659132034
189 379.8729753465323466510240596904463
190 381.4844686171865249196625224236574
191 383.4435294495364877043457554807227
192 384.9561168148636871037515842087935
193 385.8613008459742291805619593598032
194 387.2228902223879809759485147381099
195 388.8461283542322546008094203003735
196 391.4560835636380457705782281225541
197 392.2450833395190967490151841709930
198 393.4277438444340259366989529201288
199 395.5828700109937209708777113231417
200 396.3818542225921869319994544917305
201 397.9187362096142433869811797107986
202 399.9851198761948995059172998682896
203 401.8392286005332165399113043782870
204 402.8619177638861141763154430960398
205 404.2364418002080047402277995635276
206 405.1343874599099272574862680254167
207 407.5814603868961820763090011813906
208 408.9472455023511125196340397641578
209 410.5138691933666386467691052848673
210 411.9722678042787506646402985072729
211 413.2627360701850468862570593177291
212 415.0188097551551156463192114628171
213 415.4552149962945988571287824866698
214 418.3877057895347792260457230995549
215 419.8613648181523236878523091383828
216 420.6438276250417862679746529850006
217 422.0767100588267596298406654493814
218 423.7165796274818186105628747317662
219 425.0698824944613476143746926491565
220 427.2088250840745805281429338857114
221 428.1279140766166821103050684863183
222 430.3287454309386366699269815418547
223 431.3013069307035920195051219275556
224 432.1386417345885683062532491089526
225 433.8892184809272253029466110507930
226 436.1610064326469840718015182623779
227 437.5816981676685811540131672333255
228 438.6217386562721962909150101371703
229 439.9184422143706564102217900270242
230 441.6831992011890238742044364991680
231 442.9045463026094494697231024127663
232 444.3193362775591559203057435397905
233 446.8606226964295225288608751807467
234 447.4417041944932900655269253036091
235 449.1485456850233047530235031347046
236 450.1269457803135240300457625287819
237 451.4033084453887954621132246313586
238 453.9867378066779160383668102940050
239 454.9746837686167888753094389512708
240 456.3284266892460512244998300630557
241 457.9038930641029715746993291717878
242 459.5134152811060117540099438020413
243 460.0879444221758412553302554282065
244 462.0653672748825309638309211456186
245 464.0572869105482845762460847836666
246 465.6715392113710945529666457439955
247 466.5702869308262551673921259522644
248 467.4390462102616388566450013844469
249 469.5360045591120321918190688291232
250 470.7736554781016476901188794544363
251 472.7991746619088166582979926817701
252 473.8352323451396870738054680233831
253 475.6003393693757856054288199236798
254 476.7690152374845208528486891954682
255 478.0752637666709691998727274049095
256 478.9421815346348265383171017670384
257 481.8303393762865613666813762850975
258 482.8347827909823973065569966763218
259 483.8514272124825375601882210846682
260 485.5391481293560069300254236580820
261 486.5287182616512443523675262699414
262 488.3805670900174485271114306648119
263 489.6617615779561315127809041749772
264 491.3988215936630065692133310085392
265 493.3144415817853009363606040432272
266 493.9579978053694649095830912868851
267 495.3588288221312774968341327371705
268 496.4296962157591034839189128160730
269 498.5807824296865420166750829124879
270 500.3090849416904955393093907251715
271 501.6044469651454776633325457628511
272 502.2762703271182331753995073338855
273 504.4997733134277371837912622283612
274 505.4152317422444420295521661092827
275 506.4641527095235312215260747806454
276 508.8007003364678208094696725081921
277 510.2642279436728344207795176547348
278 511.5622897003745954604549044865991
279 512.6231445314074186671012549434810
280 513.6689855554736834362441464179261
281 515.4350571672993772496768936729571
282 517.5896685724674253413579652869407
283 518.2342231475501435738582743734799
284 520.1063104117232559031961461342617
285 521.5251934494920409677323981631940
286 522.4566961777302104301444133225126
287 523.9605308920158404870075094809720
288 525.0773856872796221805912176301379
289 527.9036416012723452296172680711540
290 528.4062138522926589416088966473837
291 529.8062263187069007981639833015646
292 530.8669178839610896443874345148560
293 532.6881830282937305051264455691436
294 533.7796307537687325654825460231353
295 535.6643140758732246170461231822747
296 537.0697590831223275883897377535822
297 538.4285261762479628435009552397815
298 540.2131663762281333836456689899634
299 540.6313902472951173601280775991761
300 541.8474371212012815471191135089068
301 544.3238901010052629031213087557606
302 545.6368332489348182548554397944221
303 547.0109120581222924636558817931249
304 547.9316133644893383104511594261454
305 549.4975675626613784599847338797736
306 550.9700100394838890456572340569938
307 552.0495722005648927925767025455696
308 553.7649721191588146171497825920935
309 555.7920205616825084165732214853554
310 556.8994764068553512619642186561464
311 557.5646591720585284085239898743314
312 559.3162370286821637609351422402059
313 560.2408074972956682417932763588606
314 562.5592076160458511081379166953247
315 564.1608791107861178138795335004065
316 564.5060559381498351222459689389769
317 566.6987876828079562415122806672406
318 567.7317579011769374503347304935752
319 568.9239551796293684967534874168663
320 570.0511147824635920385270166013280
321 572.4199841324527640452769271073471
322 573.6146105267581299872460321096433
323 575.0938860144948856074571722821982
324 575.8072471409287807094293328944306
325 577.0390034720982112166370896877392
326 579.0988346720366074312843643289211
327 580.1369593623846286727162763480334
328 581.9465762659016255515061145447241
329 583.2360882191672782619605736494855
330 584.5617059034655283669458933934544
331 585.9845632049883005741872589855890
332 586.7427718912501556447718450873453
333 588.1396632662479564175542352704908
334 590.6603975167652756310320033102741
335 591.7258580650480566492224464727406
336 592.5713583002255698207727161203163
337 593.9747146822310292438051745093815
338 595.7281536973889491770209207328676
339 596.3627683283936840895790970704626
340 598.4930773461647544010635829361102
341 599.5456403643648539975153951444456
342 601.6021367359326360517381075959684
343 602.5791678863873542988227245428377
344 603.6256189035791606722439668574514
345 604.6162184937532329146396027886494
346 606.3834604221090410886743112398839
347 608.4132173111873251751267237571796
348 609.3895751547200805273238795478989
349 610.8391629377394069267025377677789
350 611.7742096208872046351683619726571
351 613.5997786756371194051864561859145
352 614.6462378722326215255530839876193
353 615.5385633694070278534742658956996
354 618.1128313664423733825402270245808
355 619.1844825979536342490281464243117
356 620.2728936722275219190855725947931
357 621.7092945279486229572986330608483
358 622.3750027397790092178815437791237
359 624.2699000181778808347729470387498
360 626.0192834276543821983362174058957
361 627.2683968507830207519976455963834
362 628.3258623594603619359438156651214
363 630.4738874382920458706065867763486
364 630.8057809271975326418717252481467
365 632.2251411671159519521547059296105
366 633.5468582522517774841971334587824
367 635.5238003106054538105255817511177
368 637.3971931598373071737480742879295
369 637.9255139808225810934288397165240
370 638.9279382668567701937726909213720
371 640.6947946688256676231875384986979
372 641.9454996657052945453785385532176
373 643.2788837813978893611433628033571
374 644.9905782297480025124437123246993
375 646.3481915955015920338809416216624
376 647.7617530042888837937668089522487
377 648.7864008887824407710801337694745
378 650.1975193452564590832538975923561
379 650.6686838913959825305606330546753
380 653.6495716053946919020868649594493
381 654.3019205863193422754706163229817
382 655.7094630223556363160267427503960
383 656.9640845994606174228698965857639
384 658.1756144186053997448798079092768
385 659.6638459729641078311651821460235
386 660.7167325952792700521588812518149
387 662.2965864311004106443782663918058
388 664.2446046522730134498902572614376
389 665.3427630955990405427881697925159
390 666.5151477041729605487750958192322
391 667.1484948945554299410692132745326
392 668.9758488202351314061922796622636
393 670.3235852058625840344295533172219
394 672.4581835841697341813650863351779
395 673.0435782861476457701310406513206
396 674.3558978101231678961563201060879
397 676.1396743636267482031781357143436
398 677.2301806687639732478547995696128
399 677.8004447462213349189387573932697
400 679.7421978825282177195259389112702
401 681.8949915331518891094524110813676
402 682.6027350197505454875408366448711
403 684.0135498138695052361941279587947
404 684.9726298620984525457366617383444
405 686.1632235877279496034730067113886
406 687.9615431847036484827963374896849
407 689.3689413622723684232551928251726
408 690.4747350323503976939430894539030
409 692.4516844155208488498466523650593
410 693.1769700606018248456230975080933
411 694.5339086998731400156307045419324
412 695.7263359209267301678014282277293
413 696.6260699003456149709028185195610
414 699.1320954760135067108161695879510
415 700.2967391321434945680121498441102
416 701.3017429546461556851739140394756
417 702.2273431457605001194353198103376
418 704.0338392955253093226530722958259
419 705.1258139546192276668674794394392
420 706.1846547995179190258109850160009
421 708.2690708851098999952690286396298
422 709.2295885702843007090346933035619
423 711.1302741796854315654748563903778
424 711.9002899143753120389150790532114
425 712.7493834701012902546105743672215
426 714.0827718206693930769245271659684
427 716.1123964540521101481820264759310
428 717.4825697031001907144418975793227
429 718.7427865454858939884491826849092
430 719.6971009883656651326909608975887
431 721.3511622185364171283861586963583
432 722.2775049756742373403761436601860
433 723.8458210451284155116719224036803
434 724.5626138903790795922462167714049
435 727.0564032300493816176484052778909
436 728.4054815889340600347443552329311
437 728.7587497956142685661306322733905
438 730.4164821227564347099440393543579
439 731.4173549185985250807493569602951
440 732.8180527144998492085675268877711
441 734.7896432523779942523125100034044
442 735.7654592085783210769321888052324
443 737.0529289122653080423105408769887
444 738.5804211713738225217054480917099
445 739.9095236740419440297009593878332
446 740.5738074472950105150359715971531
447 741.7573355729416732758611620027917
448 743.8950131424736593815501491978661
449 745.3449895506118743256405484835925
450 746.4993058994323295096050066186274
451 747.6745636242695283595693678729527
452 748.2427544650845478685032946989343
453 750.6559503621242998668074383702946
454 750.9663810666508372684584196954288
455 752.8876215672023747495077050031267
456 754.3223704717126726851030862505927
457 755.8393089760378298727924403700044
458 756.7682484399509307201332102347439
459 758.1017292464125834114897682910441
460 758.9002382248923747674353929054099
461 760.2823669835120645318696008621037
462 762.7000332496910547280689999085768
463 763.5930661728372229969732471726642
464 764.3075227241802217362512258255531
465 766.0875400998362053944224648269211
466 767.2184721555395140824994101624041
467 768.2814618065092308234566650262148
468 769.6934072526244243250066549104192
469 771.0708393136783163211872219161193
470 772.9616175657570243378291659452683
471 774.1177446279405074021419093965571
472 775.0478470965805080500169929692054
473 775.9997119631714424777315826030311
474 777.2997485295925648165109770628749
475 779.1570769491890040639245377421200
476 780.3489250041816705381277835507950
477 782.1376643908120947543176873277864
478 782.5979439460735398661665057440929
479 784.2888226124655014631460996657757
480 785.7390897007150518406461877690787
481 786.4611474505062774598967874968785
482 787.4684638159100383814734996230299
483 790.0590923641195642949460032546820
484 790.8316204679210350190829313947984
485 792.4277076086045268663910701891216
486 792.8886525626225880422427532063531
487 794.4837918698931644813183752774463
488 795.6065961561624126279125580477649
489 797.2634700380355849161917045774176
490 798.7075701662962113096919534217282
491 799.6543362108976327728268906635376
492 801.6042464629820559666766161424371
493 802.5419848784181496624171410589681
494 803.2430962042701941902262290538203
495 804.7622391126617639515957839630379
496 805.8616356670948028368031915427264
497 808.1518149359937473923558585809424
498 809.1977833633007103877196047950183
499 810.0818048864070998915247299014715
500 811.1843588465062603378843274648799
501 812.7711083891093427198012886623247
502 814.0459136075109935019676007807202
503 814.8705396258725677840196869567853
504 816.7277377143947163165025748377241
505 818.3806688663616765115867750263054
506 819.2046421708238626058240388463376
507 820.7218984438692874664310218234593
508 821.7134541333794018098760344649676
509 822.1977574934042771435818555860501
510 824.5262938716297481637664849284594
511 826.0392873765743835480141635332206
512 826.9058109540807719796644509134942
513 828.3401743004899003705042150759218
514 829.4370109683093336230475914923185
515 830.8958840533174007300786176111416
516 831.7997776590705830743246083728404
517 833.0036409091541995383112542079930
518 834.6519151478255758073453398760138
519 836.6935761875918671688703407591463
520 837.3473350595315147674864163157215
521 838.2490219927321458365470959116262
522 839.4653948102824755503103022001164
523 841.0363898290134237244114847180077
524 842.0413542065263713333676992002027
525 844.1661966073507688213461011256678
526 844.8059939757637268812847766496365
527 846.1947699276939977636625185399766
528 847.9717176395120066363275847853761
529 848.4892811809435238248867303347244
530 849.8622743486978262643447147077565
531 850.6454484660040923782420481876586
532 853.1631125833891553258394720712668
533 854.0955117198690586200182216321023
534 855.2867102444049363482284375706016
535 856.4841174907916628540349249015970
536 857.3107406026038260329642299559946
537 858.9040264664756944128295737207588
538 860.4106708960146707515941401463273
539 861.1710982127153376059751104011422
540 863.1897197719089342361101300657388
541 864.3408239300695408556874997652441
542 865.5946643265159653951068770753935
543 866.4237399040426414629795886579517
544 867.6931226117850062387685271073211
545 868.6704942291315966678382745745771
546 870.8469023257540162057952754540791
547 872.1887508216132077558732280816326
548 873.0989789712819814983254029572893
549 873.9083892353375304396299857718943
550 875.9852851087803223743924411967407
551 876.6008258330274423972431300190737
552 877.6546983410334751440220931383240
553 879.3809519697909824564618000720346
554 880.8346488479393902830322872519734
555 882.3866966271964612523846504327687
556 883.4303318387016456845683374364287
557 884.1987431145947269603842791542747
558 885.2723044796171270511980861006011
559 886.8528019629162983720333299469744
560 888.4755666738171947737263887488627
561 889.7352942940907370974121881431158
562 890.8131321125280636861959243066803
563 892.3864332601558693417409992792236
564 893.1191175672942583361755429374496
565 894.8862923208687161421929036033818
566 895.3979196747829650553968593945626
567 896.6322515562027200335265867207905
568 899.2215226683834193900956439398531
569 899.8588846079374834442658553117031
570 900.8497398605213961178246412465386
571 902.2432075867522884616404478423806
572 903.0996744426304549466650463807456
573 904.7029027222813207743240914257170
574 905.8299407582222094048394107303138
575 907.6567294689675253115567135084727
576 908.3335436450609252807081966751944
577 910.1863340571798425653525516788079
578 911.2349514859555040925975012865871
579 912.3310456000355872488071671715153
580 912.8239992467433953779922166587377
581 914.7300969583756133383752392136998
582 916.3550008086427658914208429479995
583 917.8253775704267830264839643340489
584 918.8365352435290295712489826189529
585 919.4483444396823047817651293523181
586 921.1563955071548533673994052190260
587 922.5006293066367702662453290877735
588 923.2857198024222426739431025529608
589 924.7734839334766644162464557648301
590 926.5515527846030289415923750543764
591 927.8508589857535941478709615880756
592 928.6636593289348922887562903579444
593 929.8740928506477547771060674981578
594 931.0092113366280729542761667654512
595 931.8527407455200799216863423509979
596 934.3853068372584647544145411925796
597 934.9954248638464596176097376451676
598 936.2286493792829272137186639137727
599 937.5329257119703812729162338855827
600 939.0243008992183821842184187091794
601 939.6609406145281659856007544747413
602 941.1569996420423726077709969436868
603 942.0523416433754978743899456349825
604 944.1880358095727445119785016151034
605 945.3335625030459461415422389209964
606 946.7658422047278511567321672182412
607 947.0791830962548779651194745430297
608 948.3466462550449671666050859938359
609 950.1516126846438408647468103508453
610 951.0332487338235099744994104763983
611 952.7279886198506260846675213239325
612 954.1297192695514153367580094144169
613 954.8293089382166371195137628381017
614 956.6754793432897960231420321332276
615 957.5100525964237224677287691169321
616 958.4145933901361809700039994672547
617 959.4591688070681125609996090391545
618 961.6695724741927533426686575031988
619 963.1820866713114469971321899721719
620 963.5670401916122706718620995190068
621 965.0555796237511162249266948153070
622 966.1107548184102040187246212861198
623 967.3711537662628543151647782042485
624 968.6363019060873264080899054980830
625 970.1256105569411754792151195892406
626 971.0714914863857279402510345608562
627 973.1853612943011942216490969584508
628 973.8730789926535971942325634653271
629 974.7746350658374298753031548470237
630 976.1785024205896093441877981592438
631 976.9172021170506220214172671717880
632 978.7666715351129744540230067404251
633 980.5780006397744180613389525024756
634 981.2886153017589694593644343471294
635 982.3964851687789784014102218722009
636 983.5750760064313287555331134427600
637 985.1869286557734357695285651490314
638 986.1305151101845266493739882186303
639 986.7560084076560356217778391176729
640 988.9926223706574066073661836667138
641 990.2239178040279723629781305763694
642 991.3742941477615054318634332602860
643 992.7286963367326594436273969330934
644 993.2145809574429537075230711213439
645 994.4045905710944919000278054662348
646 996.2053361642982864835279814493015
647 997.5119347519392292110298400754402
648 998.8275471369296331305196154466393
649 999.7915715574129404631631471578471
650 1001.3494826377827371221033096531063
651 1002.4043054883917113081593275664360
652 1003.2678081794532482575282019014480
653 1004.6750441211728942261333468696007
654 1005.5434203043783641966110481041440
655 1008.0067043070636461981398201251009
656 1008.7957099007422823457725571097602
657 1009.8065907469646294572819357486027
658 1010.5697570110610758985665156918319
659 1012.4100425157615968428532618443721
660 1013.0586380984089850726526376543486
661 1014.6896326223704046881464379534826
662 1016.0601789426473781302897948920620
663 1017.2664023643554066697148619797959
664 1018.6055725186201549509835675665298
665 1019.9124397439440383616715166951727
666 1020.9174750172636783161470844920929
667 1021.5443444999046519071240849683072
668 1022.8852709117163478259996634313590
669 1025.2657241977276963666283117782623
670 1025.7079443714628892377277012466275
671 1027.4676935155877702733974230213632
672 1028.1289642554975178776695317748437
673 1029.2272974439613667311287036044225
674 1030.8973687905965235607265557395420
675 1031.8331802974077625412242242263524
676 1032.8128830351588514606514409583204
677 1034.6129155295208100661743406495351
678 1036.1959173580547402539829278864869
679 1037.0247076462817497505772639763117
680 1038.0877522406188364373469423361710
681 1039.0774014368966887266795988013887
682 1040.2640379376957608311529260519901
683 1041.6215280145422741547117084342493
684 1043.6239543496214938704500954519808
685 1044.5149758290787681146033133725611
686 1045.1070423529779113906503955376558
687 1047.0898174842947842211146505159132
688 1047.9871474896004711313215965099328
689 1048.9537851946859616330570245435337
690 1049.9962842565932197556301997932917
691 1051.5765718432051957955781493207426
692 1053.2457851583857576256105207590717
693 1054.7810394782813499067987929540954
694 1055.0021464756857362093533824334185
695 1056.6888473638282298575247906487939
696 1057.1000436596177836030610857179554
697 1059.1337691068971462294212996924028
698 1060.1395185616078190972389934087857
699 1061.5013044650684200631202118323530
700 1062.9153815078805636024533746996021
701 1064.0715510717185404252860304909204
702 1065.1218551062930554785798230840618
703 1066.4632234692429819437788191314733
704 1067.4188601209645580593451763585803
705 1067.9900000790426254677355643100519
706 1070.5350419968292628093530997920988
707 1071.6186232150895379047280554805600
708 1072.5439980111215553487828189938526
709 1073.5703531650937254377277085988505
710 1074.7477710443109985792942156659214
711 1076.2666255941774098650037502372965
712 1076.9240560657544468875853616394870
713 1078.6471984809563646942905148203204
714 1079.8099654292590692135716642504534
715 1081.1710023434678037850664794818683
716 1082.9527497230696686607919918325520
717 1083.2954665140856067683406798550294
718 1084.1832643104302161431638486172873
719 1085.6478312086393407120200665647912
720 1086.9119989898250931155656903346592
721 1088.7557246748088014716971250019137
722 1089.7953379240747749584235692128104
723 1090.8631910262488607850089899010890
724 1091.7284729669368289993993051948284
725 1093.4408732723686346807955856661004
726 1094.2844575237541598363385591913136
727 1095.4330847586614786896674848699833
728 1096.4019177947425285021494554188743
729 1098.8410154666498617872947335026873
730 1099.3606671785717955946165118018847
731 1100.5744606224625632186244269405290
732 1101.8391111687560134050112143502507
733 1102.5517798999177227467859432365265
734 1103.7322971745469358475961100996698
735 1105.6171888307620715173208090337439
736 1106.7743716758327751009174477157222
737 1107.7745319550101369331516708061225
738 1109.1589188567664518878051750635043
739 1110.4441429936132058032730282104965
740 1111.4435047648998965874183727754231
741 1112.4329954080764445806879193708126
742 1113.3975951148019935136144335694062
743 1115.0653594615666056765302328096646
744 1116.7872538812145241906330399131502
745 1117.9659196691996709454775823758336
746 1118.6841348610183909038781225435781
747 1119.4732474261789829018614472604398
748 1121.1559376758105699053733707335140
749 1122.4586213568805122541328544238161
750 1123.1011173878092001666644555337031
751 1125.3147293978464700797989768024609
752 1125.7634424292525594664439720091225
753 1127.6580235272157192307752739990291
754 1128.4302246138927113721060285206000
755 1129.7289967770655621750891555584350
756 1130.3915978962316708320109077075096
757 1131.4950855619170432222868923537734
758 1133.7086256694562358514102752456046
759 1134.8856545915331964306241983416320
760 1135.5622139754775459565220463973366
761 1136.9292934809695297854696673050760
762 1138.1515897798055407292335318985533
763 1138.9923418204936358938599920165789
764 1140.7218481719033597526553298592635
765 1141.2610229641367583299822815692888
766 1142.8586596078564811184987998415731
767 1144.7822995186253418770652908602547
768 1145.4853275171171068080172815104848
769 1146.5768149248669534060517444816508
770 1147.5017765233193160912998347322857
771 1148.6152772088340190037672330442907
772 1149.9826010281070976654488166630652
773 1151.5628147236732181493886965815915
774 1152.9431285305897959516386594967117
775 1153.8903037162712680265829827084466
776 1154.6975195353823829131712126547445
777 1156.6215678338725434105791154226444
778 1157.4323145756109063328652522083178
779 1158.0016090272949661450866871131301
780 1159.4806570190222973094048349471659
781 1161.3966446343780914984888905217770
782 1162.4875286020054278040176870124723
783 1163.7010316827786155876421965097326
784 1164.7375863512276099346202176355418
785 1165.2712277064576936055335879344204
786 1166.9436134095287126771059541535403
787 1168.0862716101387942979379281227248
788 1169.6983568848849061864685133958863
789 1170.4636385782836660412160301579629
790 1172.1206818656955998464007403285002
791 1173.3056877640483587270421618618794
792 1174.2327668564563026520643616409825
793 1175.2154523959507752470309329528317
794 1176.6328758097884586329938288945023
795 1177.1063044216561469490001192589279
796 1179.7012235019338980325839772036989
797 1180.6535437870843853308739698402029
798 1181.2673181516800189591329756941103
799 1182.5822703469203904400411192758561
800 1183.7127752959743153498903983961820
801 1185.1558428474657922830201409041310
802 1185.8753586953566200126190893688280
803 1187.3451614932673099555465837371781
804 1188.8564442982293067888061519354190
805 1189.9636364979184433437486371083703
806 1191.4826059264134708651333781258401
807 1192.2186114781015450778922055720777
808 1193.3240214274550802753896614893808
809 1193.8574271354369919659411661846940
810 1196.0346717486710622321115398717833
811 1197.0717866588219668044794666530676
812 1198.6865691046305664764870117939281
813 1199.3565137078939681318811109321179
814 1200.5326920312199143103382590281798
815 1201.8103348566060497864604585335836
816 1203.1373508614254794528334901142668
817 1203.8552475940970020270025888089706
818 1204.9854921714664107155865593598109
819 1206.8704997938530682921379458278506
820 1208.4714599495310314629991524712346
821 1208.9894841679390256766525446907885
822 1209.8980300875459557533784787370891
823 1211.4161158927981230604789832015233
824 1212.1131530663197926243942800246137
825 1213.5983726803682184851350529352541
826 1215.3899750650456342698137702074735
827 1216.1837220334674167237727652425365
828 1217.1744824977389190397719142941091
829 1219.0500281774061635092768305730624
830 1219.6144713108584843102217194913430
831 1220.8163476909781314306853617443535
832 1221.6922424831437332117925238799767
833 1222.9524840951083582425642426473739
834 1225.0183300241685391973517570533665
835 1225.8550207607957153966613668714417
836 1227.2318276414909319241461611600855
837 1227.9171416144000444059463490981109
838 1228.7931543629811717691790337819360
839 1230.5846031542492757195017588426351
840 1231.5622738776453981647181786302260
841 1232.5295870405978955510341375484565
842 1234.2778166534317880488442249053047
843 1235.5025485265209973187174269125795
844 1236.3990174657789958654443585032498
845 1237.9772985135811455134264355437882
846 1238.4572327956618071163334249812341
847 1239.4908071467957542777046753797595
848 1240.8134717852162668915202059959904
849 1243.0780763980211188815195140652935
850 1243.5381465261142599804738685752673
851 1244.8514339669838585645816826992161
852 1245.6558661881478224788038745774348
853 1247.3725619698556439157041761792225
854 1248.0630610532081986851494499576985
855 1249.1598879530029833405833142053955
856 1250.6723972756781171550895278911458
857 1251.6598320042712211800375857764149
858 1253.6735778521071020183802618002727
859 1254.4313284217734493685167530968340
860 1255.4082306452907346383815548335883
861 1256.1812141984608660682557442038986
862 1257.5412194126441144268231881839618
863 1258.7792334885950531906713570404964
864 1260.3445483161855198681790705465364
865 1261.6117171614798399043252592093416
866 1262.5566140003562243425577350201990
867 1263.6767328438617933303996144828202
868 1264.9572230069997892876956139976028
869 1266.1790377605620622428299995974480
870 1267.2003456118454892202899459061599
871 1267.5705717794402234586437783671609
872 1270.1189218864926039251911784333259
873 1271.1342996316099914002916818997524
874 1272.0839595993328974228956465820044
875 1273.2611446334557528137274897195877
876 1274.1962208894803588281224587537263
877 1275.0920303158404577816713274187356
878 1276.8421715555697946855351885739914
879 1277.7630919863468209206096185138786
880 1279.3328433167082513942852303181594
881 1280.1557944090229304665914772353970
882 1281.8287269596999339288649812522517
883 1283.0004913866996766077031149414021
884 1283.3350321388792806004825547251586
885 1284.8547951546216578404311609364090
886 1285.6950233311385927747749484980952
887 1287.4100266170753161316727866351847
888 1289.1653515327730614814131104352849
889 1290.1047715198073378895218090326419
890 1290.4177080730425036625436022069888
891 1291.9458709680831984004580379146547
892 1293.4939815574174450620204468469847
893 1294.1184743778483523861097779837382
894 1295.3653635053582502549321730874611
895 1296.8011109923472915021941138692231
896 1298.2565270678895294323492221763597
897 1299.4051712507439783983160234598312
898 1300.4900189824476383934709433430026
899 1301.4955166805750583563560183729329
900 1302.3467423792469179205132531751888
901 1303.2732002287941434691560075303829
902 1305.4016721880043846630123156514870
903 1306.5083933129688369717337208346261
904 1307.2672421078024270977841513317847
905 1308.9881965176433872421083350804301
906 1309.4215324932559666738108118145267
907 1311.0565705111118966639323357749279
908 1311.9669406080493548688109712476711
909 1313.0315993690196645524429461505588
910 1314.0525656517261661933734666220648
911 1316.2121126028540497802903536841231
912 1317.0729860348299550010083892684105
913 1318.1712791321650525485803371308538
914 1318.9478805965663383363912810380935
915 1319.9310828775364730520352801673906
916 1321.6281385519124180574659256619875
917 1322.2580671233911579451936984255433
918 1324.2249787188443309132291957355087
919 1325.2376243589823353534974651799176
920 1325.9819696304462812230420446226220
921 1327.6352811084574496403517407333261
922 1329.0435179965186012398118524154428
923 1329.2050187854836348476184741411236
924 1330.4299371204592631826607910246421
925 1331.8275913852852175235423307596364
926 1333.6735226102849332709758717019985
927 1334.7473290516897765303394781242425
928 1335.6949745260020665890152842398927
929 1336.6901846533858710535352410809223
930 1337.6887918096699496031484399558869
931 1338.9231645986703498289819693065619
932 1340.4264004573001757897340224363942
933 1341.1662722529263870719351283659381
934 1342.6085078837768613275003733070023
935 1344.1560440035957909982043294785660
936 1345.4771062613987144274073010558987
937 1345.7314132554184077590067221834473
938 1347.5194717508999111072267333030846
939 1348.0172380187364100916240381210426
940 1349.0851940140476579807394380120395
941 1351.2962063740967180098376823805469
942 1352.2104651591755383794486596910426
943 1353.4833383582645765537561783612621
944 1353.8867819716962276842360469129873
945 1355.6805953206364918868575084414018
946 1356.6056557098079539196745219737349
947 1357.7717428285794640718014188988522
948 1358.4601603991590264373551891726351
949 1360.3931447621911523120897519102877
950 1361.3930747136396816988907629289292
951 1363.0223286032807568385427379045717
952 1363.8791907971344724379646984016905
953 1364.5765848967539726412797459309491
954 1365.4937335512952472654357740311863
955 1367.1040909700082308799551553511495
956 1368.3301933079858948948777020854960
957 1369.6869490773429166010337490783630
958 1370.9735227677836440459216690209829
959 1371.6865535528273911288295320534896
960 1373.2029145623733821032963702736955
961 1374.1547986586406456265197937808103
962 1375.3023923447489021548205548208057
963 1376.1617799936193520387648120160643
964 1377.1776336421046263224819258351533
965 1379.6832830286129263857715781641331
966 1380.1485784416924030639281519755445
967 1381.0739771492056348706565533872357
968 1382.3456629784736798877423894409285
969 1383.2975910079464749033167578318646
970 1384.4444158477600829733956291902030
971 1385.6637770111926864388739138726272
972 1387.3266476634895306056972501375002
973 1387.9214541271127970231685032052691
974 1389.5658317983939371950096554584768
975 1390.7054902864276651215146231695961
976 1391.8532004432697553845268907025564
977 1392.6440277885486482558310256405930
978 1393.4334017407936650264174710753348
979 1394.8841846756803544790294755683397
980 1396.5441631236825017702476369464468
981 1397.8346233213872242793153559001657
982 1398.8376752013858652339107816235515
983 1399.8394729412064814670539857461433
984 1400.4269462973942982610514250245365
985 1402.5643472500659938171911112439515
986 1402.9737476409192080504973187558285
987 1404.0062921705227571294407279507337
988 1405.6669750592468750922573252541304
989 1407.0851427764364868412038615539456
990 1408.1363074961895507547641092165688
991 1409.3206810798389572497111828525560
992 1410.0248107258022258330832994315488
993 1411.2570568157066238600242307786954
994 1411.9656534617730042844941774171135
995 1413.8431487885688529987976036399662
996 1415.5857847954953512089930385358160
997 1415.7815813032829100827720366603940
998 1417.1028229338226147556249643256486
999 1418.6969638524521656752330518298746
1000 1419.4224809459956864659890380799166
1001 1420.4165263237511360343752509329151
1002 1421.8505671870486539107068075509848
1003 1422.4613109875073664963794401450717
1004 1424.4630456695790222467951427634866
1005 1425.8734692449965910792898177569971
1006 1426.6459796821200393801970248604579
1007 1427.3656711094266820289608419437566
1008 1428.5923058759787687058609412082684
1009 1429.6504772761915457648975834317976
1010 1431.2183136727516584223625771090026
1011 1432.0497408933136007269558601250949
1012 1433.8219407370651605131375404260897
1013 1434.5849421682601239660687358274520
1014 1435.6929073834192773839529158101558
1015 1437.2267216238012486844633501534593
1016 1438.0062848417224015183524731674845
1017 1438.9495527468827989761788134547241
1018 1439.6227930781639839739748187002500
1019 1441.9609875048618361805390307109280
1020 1442.9110595808968588678793239611253
1021 1444.0419307063665622430661051589869
1022 1445.0722784592010457440667569065023
1023 1445.8300847797100207833562371135649
1024 1447.2262270999757943922159349507652
1025 1448.3238535157254535176844030742067
1026 1449.4887712807312579028712175297284
1027 1450.7735618582973300899067569548316
1028 1451.8352979993933832642463950130555
1029 1453.7375967571022262546087483409112
1030 1454.2260112602262796180296374662120
1031 1455.3120912398196683550617282458715
1032 1456.1677976083872555580470668606374
1033 1457.5390016684112304398528537142092
1034 1458.3937773686872488973531850503673
1035 1460.6882705354191038864174903755176
1036 1461.2454433451599559299381839372739
1037 1462.2661232657872595375505136998280
1038 1463.2868911904275412630509799382327
1039 1464.6969032978764099623614572281250
1040 1465.8895576140852681590573712352490
1041 1466.5056211078877233689232930431310
1042 1467.7039895860710134018269826440703
1043 1469.3476498782696457992910961977760
1044 1470.9665891271649672004237430624773
1045 1471.3887645271065945155685241420681
1046 1473.0201323241857111437231544186311
1047 1473.7456491857465334740873549614107
1048 1474.2032215656988787856270524716437
1049 1476.0921270382409207025700313686136
1050 1477.4351911475001174050047117179146
1051 1478.4413959734129485850082616484767
1052 1479.7599187064900776753956326362964
1053 1480.7668790179822576795434093609586
1054 1481.9646842098023095757308167465814
1055 1483.0329599580714806503619454521724
1056 1484.1435808817554077749165419457372
1057 1484.8178832312037265766346674879783
1058 1486.1713490275571399283723104794201
1059 1488.1163379762282705270272214898455
1060 1489.2524669464301230720277296469567
1061 1489.9708922046788857587342600468801
1062 1490.6706938146032656107175121423165
1063 1492.1800905440164114486222338983767
1064 1493.3308354212702177606472923862278
1065 1494.1553686136888037426541714608741
1066 1495.7688329789417316402624132387225
1067 1497.0655055717100637076576081861442
1068 1497.7473609331211557025671345320211
1069 1499.6408247466198197270628746777350
1070 1500.3519515166031648772664649706682
1071 1501.1193249221315867552671321007877
1072 1502.3460632923990629246531316179510
1073 1503.0909331266804933694986612503747
1074 1505.2615296546719109266541042772933
1075 1506.1529861381131793145324817448706
1076 1507.4075051638303222802375254564658
1077 1508.2530310295422753053001818528556
1078 1509.2804193632232432901592934240959
1079 1510.3917974464735380383114623716661
1080 1511.9230054590021111884600073304276
1081 1512.5897647054581278027984358014260
1082 1513.5897655399186775867560795115591
1083 1515.7083435868739298973392725036256
1084 1516.4359897187584550054810802025588
1085 1517.7198062541301867851364758255741
1086 1518.4147914872536910704933514278171
1087 1519.7410094939068208628302317922189
1088 1520.2736222203561542700413079516575
1089 1521.9019090654609113954278392993872
1090 1523.4860471492588801365945504957020
1091 1524.7248921606221869898416009107880
1092 1525.2278372337918000714507193014003
1093 1526.5523119103874568333430716768749
1094 1528.0409304292975721597205353347548
1095 1529.0344567287013106279871385178545
1096 1529.3699753651945241655970299239432
1097 1531.0207429702223225758667512932721
1098 1532.2223269393920695287728734112518
1099 1533.8869779132015920966829798853491
1100 1535.0422774712066645852911677878463
1101 1535.7695023952482043277186052549507
1102 1536.6207018240298718982804690567546
1103 1537.6510621679449224647543105565389
1104 1539.3028548555832294278460058118690
1105 1540.0302701395063689737232692961808
1106 1541.7422487627890034935865946229491
1107 1542.4965229227662796047688084405399
1108 1544.1186700545202898953676199985150
1109 1544.8346082275194801102029362351778
1110 1546.0911977863132978861448018812405
1111 1547.2975811214069013680004152633699
1112 1547.8065638018575678123322593373558
1113 1548.8713481787253728839279516717596
1114 1551.2738453264045265679570972914423
1115 1552.0068728376700693968253005575258
1116 1552.7361053298038551302550299238889
1117 1554.1565191096577777888060998046485
1118 1554.9212851649918697488020581931926
1119 1556.1629874975527523457446144541940
1120 1557.3945070176904909878321513278970
1121 1558.3391528523519627863858349866101
1122 1559.7811543907102352552592888871857
1123 1560.8764757778094521399411405138969
1124 1562.4101531801944396805360550518722
1125 1563.3854009584955372679183714399730
1126 1564.1779404604316748205899000632966
1127 1564.9157882622601359302259758773018
1128 1566.2664156015515167371957895211954
1129 1567.6234507172181054566697219592246
1130 1569.0224778043740745285609563817540
1131 1570.5092778669208377501537020184723
1132 1571.0453814855381850569359024149358
1133 1571.8453520880453383653851876817921
1134 1573.8065633302714038347129371087556
1135 1574.2309154298637777553736947807766
1136 1575.6381549520165517044013191660247
1137 1576.1613523634243775613274893113229
1138 1578.1188269457827860746407614418297
1139 1579.5140550677406772480024410969592
1140 1580.3720816254715493750705640413364
1141 1581.3635517730018203930006717247278
1142 1582.3294869441471762565692507187105
1143 1583.3946934354217484331843377127600
1144 1584.2348480663762105178717190128454
1145 1586.2932107503377760655993059499922
1146 1587.0043421070411498290948118452439
1147 1588.1634040289047901480311215143730
1148 1589.3579459495577277760309317414497
1149 1590.8359043213941047713064260832677
1150 1591.2938843735723562314062651764940
1151 1592.6371670392349184734363507304725
1152 1593.5848081888619263354708838136017
1153 1594.4426896556905239619126158288138
1154 1596.4844924096546752466989210793523
1155 1597.7158959444231286463368815034584
1156 1598.4207985496704497457622230835356
1157 1599.6193489504628069109813090586633
1158 1600.0480449034073111176407629861934
1159 1601.9119462285821953190485098516509
1160 1602.8154047937266025175359819514401
1161 1603.6552029961240796684042861366314
1162 1605.5216466466233487043330109109568
1163 1606.2934181265742234985116355746203
1164 1607.5569052119828795406008956108580
1165 1608.8362953050100155482169016982017
1166 1610.0032641900379443104707872025447
1167 1610.2538231625744888075677254581489
1168 1611.4371412695547804192018582160234
1169 1613.0788554510274235135226944675841
1170 1614.7106278521614917396374255367615
1171 1615.5746087189720087599013719002547
1172 1616.3983948415836441768291262614665
1173 1617.7346848409852085609991302228769
1174 1618.5375178319775475283214606293257
1175 1619.9525012611288490533608750989517
1176 1620.7743108213885624188847012797646
1177 1622.0987516980229607345519081848507
1178 1622.9777676994755800472344664122389
1179 1625.0218566579627898498546634302984
1180 1625.9870201636211722415497500096923
1181 1626.3999193116355519204943597645680
1182 1627.7554412763157449551555848739355
1183 1628.7153168567632301919848597863602
1184 1629.6586689549477614627490364214309
1185 1631.1948145515157529828581714283463
1186 1632.7981835707088169655530437952529
1187 1633.5125168897372631580845335015947
1188 1634.5168226620670807064242218142369
1189 1635.7183663262137995255785257691611
1190 1637.0891901733709458763889024833720
1191 1637.9946435860127523320158036126847
1192 1638.5996583042138826963969428696761
1193 1639.8212357298301955213755234333385
1194 1641.8998190085045770394300713441567
1195 1642.4897798223780730573453068239850
1196 1644.1520659597376791967270432029871
1197 1644.7137457746678828761643707921029
1198 1645.5737603627660785824866250101219
1199 1646.6248665931788907658206537864101
1200 1648.2705982225316978075826566440834
1201 1649.1185354092401232922863170234848
1202 1650.4169889830483811499840888287244
1203 1651.7326933413959810369980679741906
1204 1652.6710658996012070823189637721928
1205 1654.2058967593711669430823199627686
1206 1654.7266523933217863817521859675451
1207 1655.8227756767717673182068845261867
1208 1657.1142363997630823537068504287580
1209 1657.5671011793214411128960411351207
1210 1660.0199803379989454244689812029858
1211 1660.8600568333008103014959242794536
1212 1661.8368928840966883047233614966940
1213 1662.3772025492800834672480887394638
1214 1664.0572654181100306172610838912713
1215 1664.9680044863650838069745584169195
1216 1665.8776404144862123309613523861540
1217 1667.2411250517112771393868782869493
1218 1668.3682293274018626521898559181453
1219 1669.6697284523992091500178006445353
1220 1671.0471824333031819792639570379799
1221 1671.9842593337262739424366656145401
1222 1672.9633708307810565977582640167262
1223 1673.6874453339052505110740395404847
1224 1674.6484620970097547961374240312887
1225 1676.3624863239504752167557486596151
1226 1677.6912271415265036186236313139343
1227 1678.6303680910636503934934307850764
1228 1680.0779467168094944398349944731177
1229 1680.5047701128470520805673562396414
1230 1681.8123201742660133606271665236809
1231 1683.2732892606667704704682984471817
1232 1684.1716568370642915790285519702278
1233 1684.5588632525372418613815811379560
1234 1686.4211219478381975932769378263812
1235 1688.0801426931765884367403532303692
1236 1688.9338685097846240565621119854611
1237 1689.7031542561797888658193939820312
1238 1691.0515599168930759445934095118460
1239 1691.5151928920351522991871606030202
1240 1693.0530209301971468671528993815691
1241 1694.0175646526078568668314635040083
1242 1695.8325544741872655130880782647758
1243 1696.6549974397856563489721999740911
1244 1697.3425142865640093492946044325153
1245 1699.2295471876430187928723520348069
1246 1699.9668172668638585643883830736374
1247 1700.8203032450062387334392887123319
1248 1701.8255509970474172335539192320823
1249 1702.9232497644905193993241153479021
1250 1704.2914124266797602813437512405635
1251 1706.2560324315603770554875203856798
1252 1706.6156650350260124701051948167740
1253 1707.9123124933245149392945881519134
1254 1708.5121161784030882508268280165650
1255 1709.7808422985804849234075727062537
1256 1711.1376032585928412728607393011352
1257 1712.1553976543223688431905104841857
1258 1713.0553417275131096287068290332566
1259 1714.7171452554945303809070734271987
1260 1715.8252830398205678356192013624112
1261 1716.7699837173949027443615816670534
1262 1717.9744850661585281531162567397417
1263 1718.9541524985837519961214831277866
1264 1719.7244693218310351104768987071815
1265 1720.4980709475865318104584690805414
1266 1722.8446617399156488259868349881545
1267 1723.5328226312598736010009233614244
1268 1724.7339587376582249117684472880376
1269 1725.6386280199738306533531799678629
1270 1726.6057007398854044625974202374376
1271 1728.1665067609654250405788103143504
1272 1728.6444864803719883969493919328777
1273 1730.0238725447791444225678633570028
1274 1731.0141937618571817830751642135462
1275 1732.4301698592568365420286634406152
1276 1733.8408250214300134044031004028764
1277 1735.1754660211010983398780904453373
1278 1735.6247153428706323275636943657073
1279 1736.3056627332379888873848583801622
1280 1737.8938847869285482841836106809490
1281 1738.7832375888160542614972015962893
1282 1740.1691156801405485872939981618782
1283 1741.7791678087272572893656466607704
1284 1742.4676807207820101989855928148002
1285 1743.4264368587216265215078410967123
1286 1744.7215119376997897767160043898620
1287 1746.0974985956326949810888979655656
1288 1746.5954566271282055716976637749965
1289 1747.7816955277524177479514266046836
1290 1748.5639873810802168275654725221007
1291 1750.8228184898391004969697144042089
1292 1751.6177949462511148368183101728037
1293 1752.5115111406659359933656673510745
1294 1753.6613552431395381519200866524526
1295 1754.7633698742528780744522103848402
1296 1755.1696940681426851827236267007890
1297 1757.0465184607231084327607705576482
1298 1757.9840770328181799914526820623288
1299 1759.2400856466818949571628574647211
1300 1760.2151662427623241851078294254247
1301 1761.8548999387280703800922383538829
1302 1762.4976888706606216305542278314911
1303 1763.7191214962870472636665294047659
1304 1764.5914768490919583547457580583749
1305 1765.4004939917838357278089016481607
1306 1766.6762435994778735452010710409342
1307 1768.2959711363413811986221753672418
1308 1769.9409520516358383343892322428375
1309 1770.2436773121973481926171393984239
1310 1771.2129449835465267259353012850962
1311 1772.3280003635913593076561696562492
1312 1773.8949155107034618118795184415649
1313 1774.6604309900235901076769499918941
1314 1775.3419875737472910269056723742292
1315 1777.2558602240579870629854961545959
1316 1778.0417347622492981165578739026730
1317 1779.5522708091789616068093144797006
1318 1780.6652284929986572327980244331086
1319 1781.3556377228195629719665052423800
1320 1782.4390673200201814517520138630250
1321 1783.0848295199464847114797161994531
1322 1784.6079463966126648688504576772639
1323 1786.3422011793425288213258292238387
1324 1787.0492730868162663902566033609919
1325 1788.2151234796328232476430943520808
1326 1789.2421799636847201408635105579298
1327 1790.4495623697835404655194933118608
1328 1791.2544098187954501491477789654269
1329 1792.6161027351981827359462778835415
1330 1793.5253906524095148220632320174739
1331 1794.1784820072555911987507421158168
1332 1796.4651405374308137511142553708486
1333 1797.3763356711367698556910752020323
1334 1798.1470674580757469268227635321388
1335 1799.2316472097374004000646141838880
1336 1800.0247240197391545681182271495929
1337 1801.3096369452879921310766461352756
1338 1802.3012834914505698588359638705889
1339 1803.7968438133659577252429227680404
1340 1804.9041609748120154479102509781916
1341 1806.2896670194977816350109745746445
1342 1806.5783917509639255810488900601391
1343 1808.7144318654748903565078832564840
1344 1809.1192737882873330956467674204319
1345 1810.1088929879858045468150421710618
1346 1810.8737191588547156534826488781517
1347 1812.4200770021055190268465736840334
1348 1814.0241403476155134236171955964249
1349 1814.9730823634958490259055596306213
1350 1816.3386112196746372878776672636583
1351 1816.7580233653508531844348648474235
1352 1817.7106085633424726477636085448377
1353 1819.2603340994882505640222250880249
1354 1820.1878821868112191836008365395239
1355 1821.3057083652039090603156735634193
1356 1822.4276714403025869288078533932573
1357 1823.7662658957732879562961961057271
1358 1825.2136768930133833537330718325476
1359 1825.9156836149284093654766443200936
1360 1826.7954552714926555575586737529895
1361 1828.2112704999731419339340549015677
1362 1828.6210917580311407275730155969564
1363 1829.8325297099397020458090133175886
1364 1831.9363799018152108142577182098813
1365 1832.9849402437315542476538100542892
1366 1833.2732390327303215208610530823190
1367 1834.7215597486084990261272625958910
1368 1835.8837544376925485670616281060798
1369 1836.8276725159574896408153837181419
1370 1838.0869433056445534360128075440186
1371 1838.6402887076507410707996447654161
1372 1840.1955634733573631067274971358500
1373 1841.4785825706433942570822266252579
1374 1842.8759552786672214457267154415565
1375 1843.7710577430691204565610566880805
1376 1844.7590436500958889270688127486061
1377 1845.4175341464245291848359458682277
1378 1846.3532534205164166021894040188296
1379 1848.3309806223837314334153724515883
1380 1848.7227609108908664043908342317760
1381 1850.6011840476514636598794418793807
1382 1851.4003619945897792039143708468950
1383 1852.3422047333862772363025113081187
1384 1853.5193429209895037779378611222814
1385 1854.8556321159867277700193449967043
1386 1855.5929349370554673178707172652570
1387 1856.3891791535238544675837310903958
1388 1857.4980748148801860301317457142898
1389 1859.4952715687944599783850440328115
1390 1860.5413881093368134813467669566890
1391 1861.3796715472328534625283499293983
1392 1862.1214649289442148815469013264687
1393 1863.4254648450964860065631253874656
1394 1864.3539813357462513755312806435643
1395 1865.3674337940578901056782906057688
1396 1866.8365470186081913399294573399161
1397 1868.0851909986092243660093784738127
1398 1868.7067456844081175196708494363457
1399 1870.4214717683107901517089911535109
1400 1871.4160430984071453260197763895356
1401 1872.4415664281927175885088266157565
1402 1872.8656676379676800098919166462733
1403 1874.5083614126601353384185931316268
1404 1874.9137740100395414685880084796036
1405 1877.0950641673397746124396164748073
1406 1878.0222514827534710989018146768730
1407 1879.1533030904613285717368146782458
1408 1880.0823254189943797633011871786621
1409 1880.6117664796568674141681459562476
1410 1882.3219747973846840578118909536118
1411 1883.4087242695183660307181658289798
1412 1884.0057783496671423567884383745328
1413 1885.1980751302581228760071112436369
1414 1887.0538948068901242324684816469619
1415 1887.8088414168321295271624748458021
1416 1888.9381826365794549995498508371618
1417 1890.3481286142445455973964009413782
1418 1890.6121285879332609308136291446811
1419 1891.6785105397287878512511006720118
1420 1892.8677013357911153411001706365132
1421 1894.5585375724296871873108404866222
1422 1895.6971556535845632965894955989425
1423 1896.5854943471689011752890231657893
1424 1897.5136928597119740939513821049718
1425 1898.8293728186794821098160636044373
1426 1900.0061448291439966105516448052827
1427 1900.5718842724148338316194135101769
1428 1901.8913057506000650805680563672216
1429 1902.8050592066800629833539132404177
1430 1904.0893253233517420889791853798150
1431 1906.1027561981819565020466298481515
1432 1906.5976780037662153936039234249346
1433 1907.3327801239099263460371418322133
1434 1908.4330630450517522297534675596287
1435 1909.4659300259823802539559964114469
1436 1910.7336596158915964777950089074899
1437 1911.7046909431721586283215543669633
1438 1913.1824897758830768136398797876446
1439 1914.3523000516740526772694579485153
1440 1915.0546293333472185709158418163354
1441 1916.6063718395193537904150378950588
1442 1917.3447040415663455229153536527375
1443 1918.7864989098567889867213426407333
1444 1919.2077783978052382639695285732612
1445 1919.9374573712172038965936157171575
1446 1922.1016256219937034421890103628622
1447 1923.2808379364174420575296858126495
1448 1924.0558311014408495195100242536885
1449 1925.2319879754065294119833632709057
1450 1926.2115830798940784583632846993494
1451 1926.8200927948715767446166475879013
1452 1928.4175185495194478588342241752213
1453 1929.4875601805764899872591392104412
1454 1930.2583871803873257970265318355400
1455 1931.7600694365246140113779294799706
1456 1932.8757545499469177788367509017351
1457 1934.4164363691519034164129194059612
1458 1934.9079434343656975100175708125251
1459 1935.9248488037456948445268958314193
1460 1936.8730938142789023867111022075895
1461 1937.9686334980199577196477160402964
1462 1939.0500291505441257168144736416598
1463 1940.9773267058599359930023161090261
1464 1941.8228622157802329508927946688038
1465 1942.6335686922461509145727199801727
1466 1943.3679474492527491070067327479037
1467 1945.1537963063679595842512851858794
1468 1945.9227169494833271863129541920807
1469 1946.6099453618774103112798808467729
1470 1947.9170477377036040799135656047676
1471 1949.0300300736065507369298215920237
1472 1950.7432015528631585984296926222619
1473 1951.5366958730549103983848825656119
1474 1952.8501292118657532761199484649779
1475 1953.4485563251357700528207255568753
1476 1954.4185881752141167901122114941032
1477 1955.3158092837183886860371370535581
1478 1956.8481645782155085546366022694545
1479 1958.3144035551203585649648942925479
1480 1958.8518834631948138464704266068536
1481 1960.4188452693817967648481252172791
1482 1961.3592778800143795083001890387652
1483 1962.2335718485797980725803953546086
1484 1963.6211845732020690794357940868976
1485 1964.3573909380955972097842438191034
1486 1965.3778295051038570303943179505183
1487 1966.1176585740745264741607673488084
1488 1968.4716020194204418528106225226618
1489 1969.0476175465278286150547551659187
1490 1970.3050095170337614072862291644466
1491 1970.8555475799459443089150056703426
1492 1971.9703128048113866402549190203283
1493 1973.1826634059386796917310418729082
1494 1974.3472019101200852587046404482245
1495 1975.0806103022669935560276595512936
1496 1977.1739436980398790183766841785927
1497 1977.2714461997465107416966315097502
1498 1978.8014481677315296315386508822646
1499 1980.3717722870513369271301192312425
1500 1980.9100430910242332550443807297598
1501 1981.7487688972634837403199550042468
1502 1982.6632791952765140241339310999969
1503 1983.9238046222606596710983181052471
1504 1985.4165401745267402218555705302159
1505 1986.7571077164151979706843572121683
1506 1987.8734733607243173788902675275278
1507 1988.2518768073557660207647504252988
1508 1989.7020027080216189264626232149602
1509 1990.4783525264269916467364891687188
1510 1992.0017063935279027154773566867589
1511 1992.7849878751575727817365520906445
1512 1993.5774931382599846394290902543584
1513 1995.1687396118885377481067310100995
1514 1996.7961769661882069053233621326671
1515 1997.3909140596114493119147528796060
1516 1998.2790069259848224221621113283505
1517 1999.5457641762675889038432972233067
1518 2000.4345153024322467768943364706329
1519 2000.9296206891845551440981259393489
1520 2002.8964083743617406881876830011824
1521 2004.1396692332701349586558194326667
1522 2005.0778481240987591306232733101674
1523 2005.9009348857857108992434671871194
1524 2007.1251801703011258953409037769324
1525 2008.4182403302622716793735763447574
1526 2009.1766341229495898344289792501149
1527 2010.1533247675593264084431633091498
1528 2011.0207050736500575710841167203762
1529 2012.5389354774217453323583191405574
1530 2013.8720977139908262647988707581064
1531 2015.1867286087062829095921801278435
1532 2016.0296380323753935233841002468282
1533 2016.8000756558457325379926442324043
1534 2017.3867672519615580113846400639061
1535 2019.2646002160640997613941570985688
1536 2019.8843671397552930535015425535575
1537 2021.1960427688927880243795837031234
1538 2022.5456176846882660299698691095293
1539 2023.5729117771007478482716802288267
1540 2024.4882621579512502973786924930083
1541 2025.8789062024815609897719006255284
1542 2026.7382589121520976539091747616468
1543 2027.5733170559975424123368680291482
1544 2028.5824593540399516318896679153621
1545 2029.3854795509666473791684529462149
1546 2031.7505506906187369644542530441677
1547 2032.4207808562864302246985949165357
1548 2033.0178927456698158101695712102609
1549 2034.5548287889561650865741794184483
1550 2035.0774400963040779760935054993407
1551 2036.5275264833703267165409307656718
1552 2037.2171110943408915631245668878781
1553 2038.8417382508677501558565962481173
1554 2039.4432187401044518495199920111903
1555 2040.8391196731382238878247629546364
1556 2042.3445862506042088978621956357165
1557 2043.2171165633239644789213173445942
1558 2044.1215932916674954251385861484729
1559 2045.0373208598148209254313505190438
1560 2045.8027604315619354284445336220167
1561 2047.0983363456071322746092467528356
1562 2048.4540940661611123933061039858634
1563 2049.8475256057160692641950009987629
1564 2050.9060553846845483813769892998826
1565 2051.7183881962563191619197624526012
1566 2052.4077901924010178674052521976121
1567 2054.0599168984857342584284469520242
1568 2055.1802673261666612827234175821142
1569 2055.5726028990488721787602113237511
1570 2056.6208666898937792898745515124761
1571 2058.4506511189061361281735801817122
1572 2059.4480217437714589666043803904083
1573 2060.8682472081079683757625578868237
1574 2061.3670592020318897206194019239718
1575 2062.5726509199783940918318681504008
1576 2063.2835594983807631485838001209389
1577 2064.3048676996341480831549375335482
1578 2065.8326722819114647076832434154996
1579 2066.9852293779852873512316287836255
1580 2068.3456385273700947157942032263538
1581 2068.6699410828126941617758972243823
1582 2070.5047175934459751551107731285840
1583 2071.3770831697585964499089747568041
1584 2071.9904548147607870995730698707934
1585 2073.3976037157684066272158932918030
1586 2074.1710649021524872642224402072739
1587 2075.0280655448321566332034003737332
1588 2077.1175701368772070220020590871890
1589 2078.1554846392142840755482048278483
1590 2078.9392881148769023688121851169018
1591 2079.5676284618932273572270050338439
1592 2080.9103434575612879221341806015463
1593 2081.7996865635771461361134793841619
1594 2083.3002768588279757108378228886866
1595 2083.7799925501673975843649662737812
1596 2085.3898136922859866755911257294368
1597 2086.5803185343814215219979522095994
1598 2087.4733409878580163480500950074637
1599 2088.7122811987325811894183992805172
1600 2090.0362067570169415735041981393225
1601 2090.4475500274158669382270184395236
1602 2091.2215806611312636368694923289449
1603 2092.4732181100718917423176060028160
1604 2094.3359174686319551548291881550667
1605 2095.1382566602948236692833399230634
1606 2096.3465299792525885285029264514707
1607 2097.3716063571928945392706508937820
1608 2097.9519221998870396354147321475386
1609 2099.3116512650613474635100651554334
1610 2100.5937452368612406638340947819700
1611 2101.1354894591084149182730861157879
1612 2102.5351002152977009581088743015725
1613 2103.3904548087140393485147563037574
1614 2105.3722065917998977733887952772003
1615 2105.9947043392862416768840187528055
1616 2107.1723624324433414697053911602055
1617 2107.6179114075143277942756903246924
1618 2108.9383848890153355979879490555315
1619 2109.9631431812675820224379853126674
1620 2110.8223718481318220174656088482494
1621 2112.9070875231907777138591483014889
1622 2113.4839664484308012849679300662302
1623 2114.3961373258899923859779413634278
1624 2115.5066027946841144535199330557984
1625 2116.9000560683947275738538604669708
1626 2117.7223994413629780788976601127414
1627 2118.6186462170292627131519290868529
1628 2119.4564284689392766841677068799136
1629 2120.6915625918439505427915993508420
1630 2122.4651511749283624156173566015371
1631 2123.3440423034624993248352796578274
1632 2124.3703687375688782003655573097012
1633 2125.5124000291519392217411823234794
1634 2125.9587848403733053952539499050545
1635 2126.9757111925579889626797232408498
1636 2128.7522905542628366452445942875786
1637 2129.4060802283284429975387951088486
1638 2130.5551022832359166850148032154490
1639 2132.0806209929426431711808195694006
1640 2132.7985164678841546449850038597660
1641 2134.1549339850379241724550680156777
1642 2134.9507725043156721289200326732640
1643 2136.0868975247032137116969595293909
1644 2136.9674705484718703590729267114947
1645 2137.5099405259109135758126786613038
1646 2139.3807599852011075774897349802246
1647 2140.9493626390970405882051668322632
1648 2141.7100359603899503549748424606417
1649 2142.3550431960353852675869965831146
1650 2143.3744441805378855952923505337940
1651 2144.8953374313604286933147138002828
1652 2145.5057537341808240396272196992870
1653 2146.6258944755115178270170173255575
1654 2147.7853673456308338552204878728453
1655 2149.1518493828892218862890676113116
1656 2149.9106398581021190054780103192643
1657 2151.7768851164650259479857939955684
1658 2152.3902265969196551124328656199385
1659 2153.0119641653865286390994327742296
1660 2154.2636239523203360286750746456491
1661 2154.9353458482254731232733045996330
1662 2156.3947272556816892294426809241354
1663 2157.8564895653531270321113147217876
1664 2158.8780722910832044881741917777628
1665 2159.9022860171704924811550247473373
1666 2160.8530623281841912606215626571532
1667 2161.6921721892095316507960803604051
1668 2163.1071222857323803426684482849301
1669 2164.0497203563573502735060099485910
1670 2165.0114371743142957752481011114367
1671 2165.5039490233757442107023059251436
1672 2167.6934442547468480341855786647744
1673 2168.8906158518539823830413643383471
1674 2169.2638292833649550715572413778340
1675 2170.7870749730157366115029745868891
1676 2171.3963619264946916256527393782499
1677 2172.2509628275163264070288457385988
1678 2173.5282969693166121542166662924234
1679 2174.7450208034766455267047797772917
1680 2176.2041194662156383734826197606071
1681 2176.9394516989774059842245362270085
1682 2178.0042091547611243865943382470361
1683 2179.2321850297471874836308717105786
1684 2180.4953182592787807443398877788915
1685 2181.2523670106817683612354472119941
1686 2181.7257830298195618125883273582812
1687 2183.3305840172799376270697635172196
1688 2184.1031907606805349248285569121240
1689 2185.9655283206831090044929380773778
1690 2187.0856909593725210885754308052302
1691 2187.7984558778278990414309679826277
1692 2188.5587632030885432322599633122431
1693 2189.4970729026053916292067382498490
1694 2191.0933630457492756496607711027275
1695 2191.7780174005079886888628908059862
1696 2192.8267705398612087469183872401373
1697 2194.2315300504497005621177613927424
1698 2195.2316876812557849738700624371135
1699 2196.7159776667585435409445182244048
1700 2197.2587470402059044911455509348016
1701 2198.6875126843675223336568350125526
1702 2199.3029653209695836100669639971997
1703 2200.3510209132630484274624847753632
1704 2200.9159530255518245046941986617007
1705 2203.2774537306460113421807509080219
1706 2203.9063645837735481468971467515543
1707 2204.9978017548301079491045781501197
1708 2205.8557612455439205294493247725536
1709 2207.1721619149522202888876364737674
1710 2207.8027413367369547307458588815591
1711 2209.1537444002632580741463415187701
1712 2210.2080149892503644493700270113872
1713 2210.8509410992961667392040141837260
1714 2212.3435684000364043498695250866189
1715 2213.7002562484360904593347930683502
1716 2214.9499256320924957726328530177683
1717 2215.8205656906455550327100216066760
1718 2216.2963758876451934286667873906510
1719 2217.4693751162251934325258590960776
1720 2218.5210069133952962685166266252766
1721 2219.7998156983610617895498454026824
1722 2220.8521588489141826076074107028738
1723 2222.6366045880974678568962602772280
1724 2223.0550579188104079730363553302478
1725 2223.7777725072145299788208840568579
1726 2225.5646451171694260052298843164730
1727 2226.3327344055755871327048519651749
1728 2227.2462293765953765321874458389250
1729 2227.9705738822563093798334130075046
1730 2229.1279589101233039392733862745934
1731 2230.8986908562172486293923164786555
1732 2231.9771540740733140060739636923312
1733 2232.9248538689661817784265904905020
1734 2233.7202222503129061907669202656166
1735 2234.8149345313269000143004543183640
1736 2235.5466621356000631885427230450780
1737 2236.7736438450998357811069775507976
1738 2238.1547995192976153965528267685659
1739 2239.1677439602366594644704407748519
1740 2240.0212094704710963993106134665473
1741 2241.5361865237664020520729570874234
1742 2242.6211801593794810805890557594664
1743 2243.3736684189619985357636509441190
1744 2244.3707017004303386090593230620832
1745 2245.5652865312713422349850466727571
1746 2246.0165581782856269680995908857508
1747 2247.3644312512293920224785951320586
1748 2249.5501985735370926583592452603951
1749 2249.7707665527239612764925838318941
1750 2251.0466419415531663162836454870572
1751 2251.8453183386933993579202005670813
1752 2252.6784326738388565814109037403920
1753 2254.5622469943895531084625073535552
1754 2254.7590790013039952974526681593562
1755 2255.8245655715369412384080977502234
1756 2257.3463846831328006605653766857141
1757 2258.5018472911458381694894659280776
1758 2259.5178420573842739829809402687658
1759 2260.8902594168002651211909688150923
1760 2261.6600644494810990112236619736899
1761 2262.6744306482097995387019221066241
1762 2262.8783053811611122301512287468586
1763 2264.6763997057702466381937464156139
1764 2265.7684461154694477888827327938405
1765 2267.3845010675440358322336557237193
1766 2267.8791753371660698739462536729156
1767 2269.2269982616095506592372486161079
1768 2269.9191032168383468483881116811073
1769 2271.3262824680663813713058897609615
1770 2272.0490157012376584604413174376519
1771 2273.3475340531644742747923384568375
1772 2273.9562891459430560555121949278775
1773 2275.0686647759713335096026367622216
1774 2277.0793177566235230628075166089935
1775 2278.0126283933053809808636475636750
1776 2278.5259421557841917469604183519605
1777 2279.5073058411194937547321964238314
1778 2280.8707198525862092600192128232626
1779 2281.3564836145462935895248716322214
1780 2282.6903751376478923489615288799389
1781 2284.0560114593513778620358588435333
1782 2285.2222423648665038752967390234808
1783 2286.1498141405640541686459109507167
1784 2287.0461586710106041660103930748055
1785 2288.5788494457646263698738509775986
1786 2289.3362847101341501066204689927594
1787 2290.2414582108557312495672551209974
1788 2291.0976636121120119325135079047913
1789 2291.9289012524905571801916851675704
1790 2293.8961451060867566814508651157838
1791 2294.6879184117143114399571978822622
1792 2296.1150911883303461152949056901593
1793 2296.9985224725151266339324695303889
1794 2297.3726475798095939488344659279984
1795 2298.6123633656602056668848794608355
1796 2299.9615776200896867546231397722561
1797 2301.2341257988309029577430667518709
1798 2301.4548403517284644788660412463744
1799 2303.2954819825732230446699066288527
1800 2304.3051386703745335971128209551657
1801 2305.5083567886819685749674614239053
1802 2306.5177330700035351063220429122104
1803 2307.3555533704780831338533156701841
1804 2308.2102846347646790125448835404954
1805 2309.3703582395291170234692881305485
1806 2309.9311223841836229245445652427191
1807 2312.0479964496107435730258577984583
1808 2313.1909141707478993283094232301254
1809 2313.6893599672239604079234419690097
1810 2314.6211821135941618770863957361130
1811 2316.0494547199888291550053586315424
1812 2316.9624945048407725124443826694062
1813 2317.8515318642770403034241857879907
1814 2318.8260353364301483596963219960920
1815 2320.0885232040272576457968014026433
1816 2320.9495316286596051651204697305953
1817 2322.8126326066933342565323581803966
1818 2323.5342742407660597148375274490456
1819 2324.5124552322583889545624353484338
1820 2325.5570964917654539176418826487380
1821 2325.9030159275131077484956742729483
1822 2327.3768558196995610605120770825494
1823 2328.6348751011686092684800651588221
1824 2329.7057234064495556907795250832011
1825 2331.0131102895728930274773175770772
1826 2331.9427078064027678338123868156397
1827 2332.9877654327750176842681151310610
1828 2333.7208633737822827477642496015170
1829 2335.5317125744509563618885911488761
1830 2335.8671538056497813635377501512708
1831 2336.6210367862387213395163705649329
1832 2337.7617301588206968631958741770034
1833 2339.6156838959826201967815031863813
1834 2340.8267267066444814248069392815248
1835 2341.3245961862154866620448178322299
1836 2342.6540416584692638087838091612501
1837 2343.2591589550088601528993795907143
1838 2344.3112162361517578247057203140291
1839 2345.5704836344738166458338419070541
1840 2346.4641195297878111141789318794691
1841 2347.9342546417236744060792124035519
1842 2348.8434236334556801248282249426214
1843 2349.7300542578378767061438578802936
1844 2351.4550469278512318549493256035173
1845 2352.1957015025364645895253176052436
1846 2352.7508700754545909851029143766289
1847 2353.9121358523530592979703378789779
1848 2354.9510812350081840822179896233064
1849 2355.8108139782906153561168813240280
1850 2357.6083159202474857892793155709890
1851 2358.9047051984155790004370011457244
1852 2359.4348590764398668351328660059837
1853 2360.3142850895263386515239244073138
1854 2361.3425416419326315633345348508925
1855 2362.7183179229213810333380238739436
1856 2363.4956176541186338675596425757061
1857 2364.7511760891170101112233451380150
1858 2365.1915150641319165645793558948929
1859 2367.2492198429594684778943329964531
1860 2367.9577018231558591053656847927339
1861 2369.2205777673990320263322234482440
1862 2370.0933902842321693892712682374603
1863 2371.1007479297216734898086886123362
1864 2371.9381377946101081508712357179784
1865 2372.4403472600558437397599040840025
1866 2374.4442307178166502885003397573606
1867 2375.5439670373722488997735659010863
1868 2376.3554635155601897484909088669292
1869 2377.7554079140127990160831592033395
1870 2378.2129616796621573158990997258638
1871 2379.7265029499658222423879655228607
1872 2380.5456572187362593069949794981204
1873 2381.5001237104375297310553634967460
1874 2382.5308305663664021817441090066586
1875 2383.3560139159808694700670270628032
1876 2384.9650716411824697262096820054408
1877 2386.4309371095038902898134606161008
1878 2387.2990841223365147575604363998153
1879 2387.8135685560780372867975767514901
1880 2388.7482076354931764155351076352055
1881 2389.9559881136661570047358802965441
1882 2391.2605498724033994789224409492973
1883 2391.7549823366227727781331936680378
1884 2393.6305932916998553319017863547025
1885 2394.4853678560464940156497158788671
1886 2395.2701699946470921724373377909230
1887 2396.6038787626160715817635960160888
1888 2397.7916437617737635030762529552822
1889 2398.5583113825326711583565931410748
1890 2399.4338329057852701216644520175944
1891 2400.1523565221314571948866991665880
1892 2401.4829983757717806511654797647766
1893 2403.4187984453452038916157579456309
1894 2403.9753151489675074936405316261835
1895 2404.9215934897699975692139011396969
1896 2406.2539887182894852608636395732996
1897 2406.7328511821095084436455226522044
1898 2407.7159104222699072792893708447558
1899 2409.4415023524195403451446209894883
1900 2409.8816026828795882538596883894991
1901 2411.1261933807774213690694834585057
1902 2412.2229358372840416707892825993516
1903 2413.9761231949834086064747073766667
1904 2414.3798798012704958710542096394651
1905 2415.5768934659941058124221402526738
1906 2416.5340546277039393003733042553693
1907 2417.2780874217721931089719983448365
1908 2418.2294432673573874603674377751054
1909 2419.5079171630712454634965230366713
1910 2421.1429439933281788871327653962054
1911 2422.1520849251095087812742693345941
1912 2422.9962301234869078612887049221184
1913 2423.5041468887161394142490913933349
1914 2425.1247602125567244754637164494053
1915 2426.1934375416683004735677776676159
1916 2426.9070642937536451278175946003122
1917 2427.6408969485929822564142559066367
1918 2429.1855959902569224913382582785453
1919 2430.2658126359444030687524543757018
1920 2431.6111350962539303835818901376876
1921 2432.7275692992547566311479461429575
1922 2433.7058968047038089342898923121987
1923 2433.9168732376841830155980174152893
1924 2435.3488943646945597020914254681543
1925 2436.1916003750910363953791909456698
1926 2437.7940761078260498418965038371951
1927 2438.6717907940441802005360394828739
1928 2439.9271272186722760589257184805765
1929 2440.8261602906352547483894613749150
1930 2441.9298365499984095284670160122429
1931 2443.0335600581851323318366513309472
1932 2443.7754363961997293274737124553177
1933 2445.1543810152204194220285826437174
1934 2445.7449521011549003707330597221097
1935 2446.3985233061102476055307591762170
1936 2448.9883122860351053550803853146234
1937 2449.2310320092925333925987755542881
1938 2450.5036505801081191025284332923746
1939 2451.1817083100844492213490967813723
1940 2452.2833657412138906260284457011840
1941 2453.2574858120840448678716320784115
1942 2454.3005618417899234926733067832730
1943 2455.4822883835259239528354011327209
1944 2456.5145518412885533306119202657000
1945 2457.9079990902185446840056274693343
1946 2458.5467998371280134084136165758236
1947 2460.0135794655061914982504124664981
1948 2461.2022953745062000462680284035010
1949 2461.7316286480413926972117954851278
1950 2462.4642949138537636291148572969859
1951 2463.5696672950163478435451866517332
1952 2464.9278163612234085599107180482172
1953 2466.1830970131927234062179242212181
1954 2467.6408607837790246981903782599973
1955 2468.1868163011152432384632512587434
1956 2469.3362638924974892295229578348153
1957 2469.7814850315240243090861909119946
1958 2471.5392977419967169486302050175551
1959 2472.3364175894822710673696834866393
1960 2473.1071247346450421948337211157709
1961 2474.2378497343936795111807411710491
1962 2475.5393538610027667698572496939703
1963 2477.0217550961045941565778872334121
1964 2478.0148540248094052420946293457171
1965 2478.3975975831250204404877236166399
1966 2479.9773519808707541224268654596686
1967 2480.4336069850920729277664348900418
1968 2481.3567672803589445972134929267676
1969 2482.6834115187159992322598729779896
1970 2484.5032382747446433663635457127892
1971 2485.0875905374198665107970403638485
1972 2485.7856207123927522406425555871460
1973 2487.3338364427260220668139053977042
1974 2488.1138317541930543798383961879885
1975 2489.2611574516371167429662234583806
1976 2490.0510905157467898093557683177254
1977 2491.1055164218207048183028238814373
1978 2491.9074739342928426449235269578841
1979 2493.4892954491232172275007526169532
1980 2494.8661778282552209730874715804963
1981 2495.8468404195016427554747260635057
1982 2496.4853367028232682456153314918093
1983 2497.6484652466019345498612319404281
1984 2497.9699739667522623967955032454475
1985 2499.8620428212550656863921053115001
1986 2500.5643864123174493411728375692778
1987 2501.5777446724335394644695389658902
1988 2503.1852272120868016425328686929920
1989 2504.0089336585836411757644349265185
1990 2504.7721525112120279263524289750789
1991 2506.3053519373076956617112588705140
1992 2507.1518856476755891723087261413274
1993 2507.8710395797433619747120163493986
1994 2508.7660461038266224089676670966402
1995 2509.6529974413794216937294299620083
1996 2511.6601897871866836554760545256548
1997 2512.5382209852025448086110040829577
1998 2513.5795170214648545945730755044453
1999 2514.2598590597736779066451315112255
2000 2515.2864829247128800381898865204771
